n=16 graphical sequences=45967478 max g=-1.7763568394e-15 seq: 8 8 8 8 8 8 8 8 8 0 0 0 0 0 0 0
n=18 graphical sequences=675759563 max g=1.7763568394e-15 seq: 9 9 9 9 9 9 9 9 9 9 0 0 0 0 0 0 0 0
