n=8: max g = 0.000000000 seq(top10) [4, 4, 4, 4, 4, 0, 0, 0] zeros=3
n=12: max g = 0.000000000 seq(top10) [10, 10, 10, 10, 10, 10, 10, 10, 10, 10] zeros=1
n=16: max g = 0.000000000 seq(top10) [15, 15, 15, 15, 15, 15, 15, 15, 15, 15] zeros=0
n=24: max g = 0.000000000 seq(top10) [15, 15, 15, 15, 15, 15, 15, 15, 15, 15] zeros=8
n=40: max g = 0.000000000 seq(top10) [30, 30, 30, 30, 30, 30, 30, 30, 30, 30] zeros=9
n=60: max g = 0.000000000 seq(top10) [59, 59, 59, 59, 59, 59, 59, 59, 59, 59] zeros=0
overall: 3.552713678800501e-15
