checked=261080 lemma_fail=0
best39=-0.316179 g6=H???F~}
best40=-0.316179 g6=H???F~}
