000000
122000
100100
220100
111100
201200
221200
012200
110010
220010
021010
001110
021110
212110
010210
110210
102210
000020
211020
202020
120120
012120
212120
200220
101220
022220
100001
011001
212001
010101
111101
022101
020201
120201
201201
120011
002011
012011
200111
111111
001211
211211
222211
210021
121021
221021
001121
221121
102121
020221
102221
112221
210002
220002
101002
021102
002102
202102
210202
002202
112202
101012
201012
012012
020112
211112
122112
100212
121212
222212
000022
112022
022022
110122
120122
201122
011222
222222
