CANDIDATE n=16 F=8.359379e-03 frac=101 W=
0.0000 0.0930 0.7003 0.9181 0.8733 0.8863 0.8603 0.8743 0.9469 0.8748 0.9482 0.9244 0.9401 0.8529 0.8558 0.8678 
0.0930 0.0000 0.7215 0.8891 0.8462 0.8769 0.8774 0.8625 0.9559 0.8453 0.9604 0.9400 0.9477 0.8697 0.8730 0.8579 
0.7003 0.7215 0.0000 0.8272 0.8179 0.7568 0.8435 0.8202 0.8997 0.8607 0.8966 0.9044 0.9147 0.8395 0.8210 0.7909 
0.9181 0.8891 0.8272 0.0000 0.1089 0.9297 0.9386 0.9239 0.9816 0.1018 0.9866 1.0000 1.0000 0.9330 0.9407 0.9360 
0.8733 0.8462 0.8179 0.1089 0.0000 0.9627 0.9214 0.9666 0.9999 0.0950 1.0000 1.0000 1.0000 0.9282 0.9450 0.9502 
0.8863 0.8769 0.7568 0.9297 0.9627 0.0000 0.9553 0.0967 0.9994 0.9492 0.9992 0.9959 0.9999 0.9620 0.9489 0.0984 
0.8603 0.8774 0.8435 0.9386 0.9214 0.9553 0.0000 0.9436 1.0000 0.9317 1.0000 1.0000 1.0000 0.0947 0.1003 0.9512 
0.8743 0.8625 0.8202 0.9239 0.9666 0.0967 0.9436 0.0000 0.9999 0.9461 1.0000 1.0000 1.0000 0.9460 0.9318 0.1059 
0.9469 0.9559 0.8997 0.9816 0.9999 0.9994 1.0000 0.9999 0.0000 0.9861 0.2075 0.2104 0.2221 0.9991 0.9988 1.0000 
0.8748 0.8453 0.8607 0.1018 0.0950 0.9492 0.9317 0.9461 0.9861 0.0000 0.9999 1.0000 1.0000 0.9350 0.9502 0.9397 
0.9482 0.9604 0.8966 0.9866 1.0000 0.9992 1.0000 1.0000 0.2075 0.9999 0.0000 0.2325 0.1770 0.9993 1.0000 1.0000 
0.9244 0.9400 0.9044 1.0000 1.0000 0.9959 1.0000 1.0000 0.2104 1.0000 0.2325 0.0000 0.2059 0.9995 1.0000 0.9942 
0.9401 0.9477 0.9147 1.0000 1.0000 0.9999 1.0000 1.0000 0.2221 1.0000 0.1770 0.2059 0.0000 0.9998 1.0000 1.0000 
0.8529 0.8697 0.8395 0.9330 0.9282 0.9620 0.0947 0.9460 0.9991 0.9350 0.9993 0.9995 0.9998 0.0000 0.0934 0.9660 
0.8558 0.8730 0.8210 0.9407 0.9450 0.9489 0.1003 0.9318 0.9988 0.9502 1.0000 1.0000 1.0000 0.0934 0.0000 0.9593 
0.8678 0.8579 0.7909 0.9360 0.9502 0.0984 0.9512 0.1059 1.0000 0.9397 1.0000 0.9942 1.0000 0.9660 0.9593 0.0000 
