0 2
1 0
2 1
3 3
4 0
5 1
6 3
7 3
8 0
9 1
10 3
11 1
12 0
13 2
14 1
15 0
16 2
17 1
18 0
19 3
20 3
21 2
22 3
23 3
24 2
25 2
26 3
27 2
28 3
29 3
30 3
31 0
32 2
33 1
34 1
35 3
36 0
37 0
38 1
39 3
40 1
41 0
42 3
43 1
44 2
45 2
46 0
47 0
48 1
49 0
50 3
51 3
52 1
53 0
54 1
55 2
56 1
57 0
58 2
59 0
60 0
61 2
62 1
63 0
64 2
65 1
66 1
67 3
68 2
69 2
70 3
71 2
72 3
73 2
74 2
75 2
76 2
77 3
78 2
79 1
80 3
81 3
82 0
83 0
84 1
85 1
86 3
87 3
88 0
89 0
90 1
91 3
92 2
93 3
94 3
95 2
96 3
97 2
98 1
99 0
100 2
101 0
102 0
103 3
104 1
105 0
106 3
107 1
108 1
109 1
110 0
111 0
112 3
113 1
114 1
115 0
116 3
117 2
118 0
119 0
120 0
121 2
122 1
123 1
124 1
125 2
126 3
127 2
128 2
129 2
130 3
131 3
132 2
133 2
134 0
135 1
136 2
137 1
138 1
139 3
140 1
141 0
142 3
143 0
144 0
145 1
146 2
147 2
148 0
149 1
150 1
151 1
152 2
153 2
154 0
155 0
156 0
157 1
158 0
159 1
160 0
161 3
162 2
163 0
164 1
165 0
166 1
167 2
168 3
169 1
170 0
171 3
172 0
173 1
174 3
175 0
176 2
177 1
178 0
179 1
180 0
181 2
182 1
183 2
184 1
185 0
186 2
187 0
188 2
189 0
190 1
191 0
192 1
193 2
194 1
195 2
196 1
197 0
198 2
199 1
200 2
201 0
202 1
203 3
204 0
205 3
206 1
207 0
208 3
209 1
210 1
211 2
212 1
213 0
214 2
215 0
216 0
217 3
218 3
219 3
220 3
221 2
222 3
223 3
224 2
225 2
226 3
227 3
228 2
229 1
230 0
231 1
232 0
233 2
234 2
235 0
236 0
237 1
238 1
239 2
240 2
241 1
242 2
243 2
244 0
245 0
246 1
247 0
248 3
249 3
250 1
251 0
252 1
253 2
254 2
255 2
256 2
257 3
258 2
259 3
260 2
261 2
262 3
263 2
264 3
265 0
266 0
267 0
268 3
269 0
270 1
271 3
272 1
273 1
274 1
275 3
276 0
277 3
278 0
279 3
280 0
281 3
282 0
283 3
284 0
285 1
286 1
287 1
288 0
289 1
290 3
291 3
292 3
293 1
294 3
295 0
296 0
297 1
298 1
299 2
300 2
301 1
302 0
303 1
304 0
305 2
306 2
307 1
308 3
309 3
310 0
311 0
312 1
313 1
314 3
315 3
316 0
317 0
318 1
319 2
320 1
321 0
322 2
323 0
324 0
325 3
326 1
327 0
328 3
329 1
330 1
331 1
332 3
333 0
334 1
335 2
336 0
337 2
338 2
339 2
340 2
341 2
342 2
343 2
344 0
345 1
346 2
347 1
348 0
349 2
350 1
351 0
352 2
353 3
354 0
355 1
356 2
357 2
358 0
359 0
360 0
361 1
362 2
363 2
364 0
365 1
366 1
367 0
368 1
369 0
370 1
371 3
372 2
373 0
374 0
375 1
376 1
377 2
378 3
379 3
380 3
381 3
382 3
383 2
384 2
385 2
386 2
387 2
388 2
389 2
390 2
391 3
392 1
393 0
394 3
395 1
396 1
397 3
398 0
399 1
400 3
401 0
402 0
403 3
404 3
405 2
406 3
407 3
408 2
