0 3
1 3
2 2
3 2
4 0
5 0
6 3
7 3
8 2
9 2
10 0
11 0
12 3
13 0
14 0
15 1
16 1
17 2
18 2
19 0
20 0
21 1
22 1
23 2
24 2
25 3
26 1
27 3
28 3
29 1
30 3
31 3
32 1
33 3
34 3
35 1
36 3
37 3
38 1
39 3
40 3
41 1
42 3
43 3
44 1
45 3
46 3
47 1
48 3
49 2
50 0
51 1
52 0
53 1
54 2
55 1
56 2
57 0
58 2
59 0
60 1
61 0
62 1
63 2
64 1
65 2
66 0
67 1
68 2
69 1
70 2
71 0
72 2
73 0
74 1
75 0
76 1
77 2
78 1
79 2
80 0
81 2
82 0
83 1
84 0
85 2
86 3
87 0
88 2
89 3
90 0
91 2
92 3
93 0
94 2
95 3
96 0
97 0
98 1
99 2
100 0
101 1
102 2
103 0
104 1
105 2
106 0
107 1
108 2
109 0
110 1
111 2
112 0
113 1
114 2
115 0
116 1
117 2
118 0
119 1
120 2
121 3
122 3
123 3
124 3
125 3
126 3
127 3
128 3
129 3
130 3
131 3
132 3
133 3
134 3
135 3
136 3
137 3
138 3
139 3
140 3
141 3
142 3
143 3
144 3
145 2
146 1
147 0
148 2
149 1
150 0
151 2
152 1
153 0
154 2
155 1
156 0
157 0
158 0
159 1
160 2
161 0
162 0
163 1
164 1
165 2
166 0
167 1
168 1
169 2
170 2
171 0
172 1
173 2
174 2
175 0
176 0
177 1
178 2
179 0
180 0
181 1
182 1
183 2
184 0
185 1
186 1
187 2
188 2
189 0
190 1
191 2
192 2
193 1
194 1
195 3
196 3
197 1
198 1
199 1
200 1
201 3
202 3
203 1
204 1
205 2
206 3
207 0
208 2
209 3
210 0
211 2
212 3
213 0
214 2
215 3
216 0
217 0
218 3
219 2
220 0
221 3
222 2
223 0
224 3
225 2
226 0
227 3
228 2
229 0
230 3
231 2
232 0
233 3
234 2
235 0
236 3
237 2
238 0
239 3
240 2
241 1
242 2
243 0
244 1
245 2
246 2
247 0
248 1
249 2
250 0
251 0
252 1
253 2
254 0
255 1
256 1
257 2
258 0
259 1
260 2
261 2
262 0
263 1
264 2
265 0
266 0
267 1
268 2
269 0
270 1
271 0
272 0
273 1
274 1
275 2
276 2
277 0
278 0
279 1
280 1
281 2
282 2
283 1
284 3
285 1
286 3
287 3
288 3
289 3
290 1
291 3
292 1
293 3
294 1
295 3
296 3
297 3
298 3
299 1
300 3
301 0
302 0
303 1
304 1
305 2
306 2
307 0
308 0
309 1
310 1
311 2
312 2
313 3
314 2
315 2
316 0
317 0
318 3
319 3
320 2
321 2
322 0
323 0
324 3
325 2
326 1
327 2
328 1
329 0
330 2
331 0
332 2
333 1
334 0
335 1
336 0
337 2
338 1
339 2
340 1
341 0
342 2
343 0
344 2
345 1
346 0
347 1
348 0
349 3
350 3
351 3
352 3
353 3
354 3
355 2
356 0
357 0
358 3
359 0
360 3
361 3
362 2
363 3
364 2
365 2
366 0
367 2
368 0
369 0
370 3
371 0
372 3
373 3
374 2
375 3
376 2
377 2
378 0
379 3
380 3
381 3
382 3
383 3
384 3
385 3
386 3
387 3
388 3
389 3
390 3
391 3
392 3
393 3
394 3
395 3
396 3
397 0
398 0
399 1
400 1
401 2
402 2
403 0
404 0
405 1
406 1
407 2
408 2
409 2
410 0
411 0
412 1
413 0
414 1
415 1
416 2
417 1
418 2
419 2
420 0
421 2
422 0
423 0
424 1
425 0
426 1
427 1
428 2
429 1
430 2
431 2
432 0
433 1
434 1
435 3
436 3
437 1
438 1
439 1
440 1
441 3
442 3
443 1
444 1
445 3
446 2
447 2
448 0
449 0
450 3
451 3
452 2
453 2
454 0
455 0
456 3
457 3
458 3
459 3
460 3
461 3
462 3
463 3
464 3
465 3
466 3
467 3
468 3
