0 3
1 3
2 3
3 3
4 3
5 3
6 3
7 3
8 3
9 3
10 2
11 2
12 1
13 0
14 0
15 1
16 2
17 2
18 1
19 0
20 2
21 1
22 2
23 0
24 2
25 2
26 0
27 1
28 1
29 2
30 0
31 0
32 2
33 1
34 1
35 0
36 0
37 1
38 2
39 2
40 1
41 0
42 2
43 2
44 1
45 1
46 0
47 0
48 2
49 2
50 1
51 1
52 0
53 1
54 1
55 0
56 0
57 0
58 1
59 2
60 2
61 1
62 2
63 2
64 0
65 1
66 1
67 0
68 0
69 1
70 2
71 1
72 2
73 0
74 1
75 0
76 2
77 1
78 2
79 0
80 3
81 3
82 3
83 3
84 3
85 3
86 1
87 1
88 0
89 2
90 0
91 2
92 1
93 1
94 2
95 0
96 2
97 0
98 1
99 0
100 1
101 2
102 3
103 3
104 3
105 3
106 3
107 3
108 3
109 3
110 3
111 3
112 3
113 3
114 3
115 3
116 3
117 3
118 3
119 3
120 2
121 0
122 0
123 2
124 0
125 0
126 1
127 2
128 0
129 1
130 2
131 2
132 1
133 0
134 1
135 1
