0 2
1 1
2 2
3 2
4 2
5 1
6 0
7 2
8 2
9 2
10 3
11 3
12 1
13 0
14 2
15 2
16 3
17 1
18 1
19 0
20 3
21 2
22 0
23 0
24 3
25 1
26 1
27 0
28 0
29 3
30 3
31 1
32 1
33 0
34 0
35 3
36 3
37 0
38 0
39 0
40 1
41 0
42 1
43 1
44 3
45 3
46 0
47 1
48 3
49 0
50 1
51 3
52 1
53 3
54 0
55 1
56 1
57 0
58 0
59 3
60 1
61 0
62 3
63 1
64 0
65 2
66 3
67 2
68 1
69 0
70 1
71 1
72 0
73 0
74 1
75 2
76 2
77 2
78 3
79 1
80 0
81 2
82 3
83 2
84 0
85 3
86 3
87 1
88 0
89 0
90 2
91 3
92 2
93 1
94 0
95 2
96 3
97 2
98 2
99 1
100 2
101 2
102 2
103 2
104 0
105 3
106 1
107 0
108 3
109 1
110 3
111 2
112 3
113 2
114 1
115 0
116 2
117 3
118 1
119 3
120 0
121 2
122 3
123 0
124 1
125 0
126 1
127 2
128 2
129 3
130 1
131 0
132 0
133 2
134 2
135 2
136 0
137 1
138 3
139 3
140 3
