0 1
1 1
2 1
3 2
4 3
5 0
6 0
7 2
8 3
9 1
10 1
11 1
12 0
13 2
14 2
15 3
16 1
17 3
18 0
19 2
20 3
21 1
22 1
23 3
24 0
25 0
26 3
27 2
28 2
29 3
30 3
31 0
32 2
33 2
34 3
35 0
36 3
37 3
38 2
39 3
40 2
41 3
42 1
43 2
44 1
45 3
46 0
47 0
48 3
49 2
50 1
51 3
52 1
53 0
54 0
55 3
56 0
57 2
58 2
59 3
60 3
61 1
62 3
63 0
64 0
65 2
66 3
67 2
68 1
69 3
70 1
71 0
72 1
73 2
74 0
75 3
76 0
77 0
78 2
79 3
80 1
81 1
82 0
83 0
84 2
85 1
86 0
87 0
88 2
89 2
90 0
91 1
92 2
93 1
94 3
95 1
96 0
97 1
98 2
99 0
100 3
101 1
102 0
103 2
104 2
105 1
106 3
107 1
108 1
109 0
110 0
111 2
112 1
113 1
114 1
115 1
116 3
117 1
118 2
119 1
120 2
121 1
122 3
123 1
124 2
125 1
126 3
127 1
128 2
129 0
130 2
131 0
132 3
133 2
134 2
135 1
136 3
137 2
138 0
139 0
140 0
141 2
142 2
143 3
144 3
145 0
146 1
147 2
148 3
149 3
