0 0
1 1
2 0
3 2
4 1
5 1
6 1
7 3
8 2
9 1
10 3
11 1
12 1
13 0
14 2
15 1
16 2
17 2
18 3
19 3
20 1
21 0
22 3
23 3
24 3
25 3
26 0
27 3
28 1
29 0
30 2
31 2
32 2
33 2
34 0
35 1
36 1
37 1
38 1
39 3
40 2
41 3
42 0
43 0
44 0
45 1
46 2
47 0
48 3
49 3
50 1
51 2
52 0
53 2
54 1
55 1
56 1
57 2
58 2
59 3
60 1
61 0
62 3
63 3
64 3
65 3
66 3
67 3
68 1
69 1
70 3
71 2
72 2
73 2
74 2
75 2
76 3
77 3
78 3
79 1
80 1
81 1
82 1
83 1
84 2
85 2
86 3
87 3
88 2
89 3
90 3
91 2
92 2
93 3
94 1
95 1
96 1
97 2
98 0
99 0
100 0
101 0
102 2
103 3
104 0
105 0
106 0
107 2
108 0
109 0
110 0
111 1
112 2
113 3
114 3
115 3
116 2
117 2
118 0
119 3
120 3
121 0
122 0
123 2
124 0
125 2
126 1
127 0
128 2
129 0
130 1
131 0
132 3
133 3
134 2
135 3
136 2
137 1
138 1
139 2
140 2
141 3
142 2
143 0
144 1
145 0
146 3
147 3
148 1
149 3
150 3
151 0
152 3
153 0
154 1
155 3
156 2
157 2
158 2
