0 3
1 3
2 3
3 3
4 3
5 3
6 3
7 2
8 2
9 1
10 0
11 0
12 1
13 2
14 2
15 1
16 0
17 2
18 1
19 0
20 0
21 1
22 2
23 0
24 1
25 2
26 2
27 0
28 1
29 1
30 2
31 0
32 0
33 2
34 1
35 1
36 0
37 3
38 3
39 3
40 2
41 2
42 1
43 0
44 2
45 2
46 0
47 0
48 2
49 2
50 0
51 1
52 1
53 1
54 0
55 0
56 2
57 2
58 1
59 1
60 2
61 2
62 0
63 0
64 0
65 0
66 1
67 2
68 2
69 1
70 2
71 2
72 0
73 1
74 1
75 2
76 0
77 0
78 2
79 1
80 1
81 0
82 1
83 0
84 2
85 1
86 2
87 0
88 3
89 3
90 3
91 3
92 3
93 3
94 3
95 3
96 3
97 3
98 3
99 3
100 1
101 1
102 0
103 2
104 0
105 2
106 1
107 1
108 2
109 0
110 2
111 0
112 1
113 2
114 0
115 1
116 0
117 2
118 3
119 3
120 3
121 3
122 3
123 3
124 0
125 1
126 1
127 2
128 0
129 2
130 3
131 3
132 3
133 3
134 3
135 3
136 3
137 3
138 3
139 3
140 3
141 3
142 2
143 2
144 1
145 2
146 0
147 1
148 0
149 0
150 1
151 0
152 2
153 1
154 0
155 0
156 1
157 2
158 0
159 1
160 2
161 2
162 1
163 0
164 2
165 1
