0 1
1 2
2 2
3 1
4 1
5 0
6 0
7 2
8 1
9 1
10 1
11 3
12 0
13 2
14 3
15 1
16 1
17 0
18 0
19 0
20 2
21 2
22 2
23 3
24 3
25 1
26 1
27 3
28 3
29 2
30 0
31 0
32 2
33 2
34 3
35 3
36 0
37 0
38 2
39 3
40 3
41 0
42 1
43 0
44 2
45 2
46 2
47 3
48 3
49 2
50 0
51 3
52 3
53 2
54 2
55 3
56 3
57 2
58 1
59 3
60 3
61 1
62 0
63 3
64 0
65 0
66 2
67 0
68 3
69 2
70 1
71 1
72 3
73 0
74 2
75 2
76 1
77 3
78 3
79 1
80 0
81 3
82 0
83 0
84 2
85 0
86 3
87 2
88 3
89 0
90 2
91 2
92 0
93 2
94 1
95 1
96 1
97 0
98 1
99 0
100 0
101 0
102 1
103 2
104 1
105 3
106 3
107 1
108 0
109 1
110 2
111 3
112 2
113 0
114 1
115 3
116 3
117 0
118 2
119 3
120 0
121 1
122 1
123 1
124 1
125 1
126 1
127 2
128 3
129 2
130 1
131 0
132 1
133 2
134 0
135 1
136 0
137 1
138 2
139 3
140 1
141 0
142 1
143 0
144 0
145 2
146 0
147 2
148 2
149 1
150 1
151 3
152 1
153 3
154 1
155 3
156 3
157 2
158 0
159 3
160 3
161 0
162 3
163 3
164 0
165 3
166 2
