0 1
1 1
2 1
3 1
4 1
5 1
6 1
7 1
8 1
9 1
10 1
11 1
12 1
13 1
14 1
15 1
16 1
17 1
18 1
19 0
20 2
21 3
22 0
23 2
24 3
25 0
26 2
27 3
28 3
29 3
30 3
31 0
32 0
33 2
34 3
35 3
36 0
37 0
38 2
39 2
40 3
41 3
42 0
43 0
44 2
45 2
46 3
47 3
48 0
49 0
50 3
51 2
52 0
53 2
54 0
55 0
56 2
57 2
58 0
59 0
60 2
61 3
62 2
63 2
64 0
65 2
66 2
67 0
68 2
69 2
70 0
71 2
72 2
73 3
74 3
75 0
76 0
77 2
78 3
79 0
80 2
81 3
82 3
83 2
84 0
85 0
86 2
87 2
88 0
89 3
90 2
91 0
92 2
93 2
94 3
95 0
96 2
97 3
98 0
99 2
100 3
101 1
102 1
103 1
104 1
105 1
106 1
107 3
108 1
109 0
110 1
111 1
112 3
113 1
114 0
115 0
116 2
117 2
118 1
119 3
120 1
121 0
122 2
123 2
124 3
125 0
126 2
127 3
128 0
129 2
130 1
131 1
132 1
133 1
134 1
135 1
136 3
137 1
138 3
139 1
140 1
141 3
142 1
143 3
144 1
145 0
146 1
147 1
148 2
149 0
150 3
151 2
152 0
153 3
154 2
155 0
156 1
157 2
158 1
159 1
160 2
161 0
162 3
163 2
164 0
165 3
166 2
167 0
168 3
169 3
170 3
171 3
