0 3
1 3
2 3
3 0
4 3
5 3
6 3
7 3
8 3
9 3
10 3
11 3
12 3
13 3
14 1
15 1
16 3
17 3
18 3
19 3
20 3
21 3
22 1
23 1
24 1
25 1
26 0
27 3
28 3
29 3
30 3
31 3
32 3
33 3
34 0
35 0
36 2
37 2
38 2
39 2
40 1
41 1
42 1
43 0
44 0
45 0
46 2
47 2
48 3
49 3
50 2
51 0
52 0
53 1
54 1
55 2
56 2
57 0
58 0
59 2
60 2
61 1
62 1
63 1
64 0
65 0
66 2
67 2
68 1
69 0
70 2
71 0
72 2
73 1
74 1
75 2
76 2
77 1
78 1
79 0
80 0
81 0
82 0
83 0
84 2
85 2
86 2
87 2
88 2
89 1
90 1
91 1
92 1
93 1
94 0
95 0
96 0
97 0
98 0
99 2
100 2
101 2
102 2
103 2
104 1
105 1
106 1
107 0
108 2
109 0
110 0
111 0
112 1
113 1
114 0
115 2
116 2
117 1
118 1
119 0
120 0
121 2
122 1
123 1
124 0
125 2
126 0
127 1
128 1
129 0
130 1
131 2
132 1
133 1
134 0
135 1
136 2
137 0
138 3
139 2
140 0
141 0
142 2
143 2
144 1
145 2
146 2
147 1
148 3
149 0
150 0
151 2
152 2
153 3
154 1
155 1
156 2
157 0
158 1
159 2
160 0
161 3
162 1
163 1
164 2
165 3
166 1
167 3
168 0
169 3
170 2
171 3
172 3
173 3
174 0
175 1
176 0
177 3
178 3
179 3
