0 2
1 2
2 2
3 3
4 2
5 2
6 1
7 3
8 2
9 2
10 2
11 3
12 1
13 3
14 2
15 2
16 1
17 3
18 2
19 2
20 1
21 1
22 2
23 2
24 1
25 3
26 2
27 2
28 1
29 3
30 3
31 2
32 1
33 3
34 0
35 2
36 1
37 2
38 1
39 3
40 2
41 2
42 1
43 3
44 3
45 2
46 1
47 3
48 2
49 2
50 1
51 3
52 0
53 2
54 1
55 3
56 0
57 2
58 1
59 3
60 0
61 2
62 1
63 3
64 0
65 2
66 1
67 3
68 0
69 0
70 1
71 3
72 0
73 2
74 1
75 3
76 0
77 0
78 1
79 3
80 0
81 2
82 1
83 3
84 0
85 0
86 0
87 1
88 3
89 3
90 0
91 2
92 1
93 3
94 0
95 0
96 0
97 1
98 1
99 3
100 0
101 0
102 1
103 0
104 1
105 3
106 3
107 3
108 0
109 0
110 1
111 3
112 0
113 3
114 0
115 0
116 1
117 1
118 0
119 0
120 1
121 1
122 0
123 1
124 2
125 1
126 0
127 0
128 3
129 0
130 0
131 1
132 1
133 0
134 3
135 2
136 0
137 0
138 0
139 1
140 0
141 0
142 3
143 2
144 0
145 3
146 0
147 0
148 1
149 1
150 3
151 2
152 0
153 0
154 0
155 0
156 1
157 1
158 2
159 2
160 0
161 3
162 3
163 1
164 1
165 0
166 2
167 2
168 0
169 3
170 0
171 0
172 1
173 1
174 2
175 2
176 3
177 3
178 3
179 1
180 1
181 0
182 0
183 0
184 1
185 1
186 0
187 1
188 3
189 1
190 1
191 0
192 2
193 1
194 2
195 3
196 2
197 2
198 2
199 3
200 3
201 0
202 2
203 1
204 2
205 2
206 3
207 3
208 3
209 0
210 0
211 0
212 3
213 1
