0 2
1 2
2 2
3 0
4 2
5 1
6 2
7 3
8 2
9 0
10 2
11 1
12 2
13 2
14 2
15 2
16 2
17 2
18 3
19 3
20 0
21 0
22 1
23 0
24 3
25 1
26 0
27 3
28 1
29 2
30 2
31 2
32 2
33 0
34 3
35 0
36 1
37 1
38 3
39 2
40 3
41 2
42 1
43 2
44 0
45 2
46 1
47 0
48 0
49 1
50 0
51 2
52 1
53 1
54 2
55 2
56 3
57 3
58 2
59 1
60 0
61 2
62 2
63 0
64 0
65 0
66 3
67 2
68 1
69 1
70 1
71 3
72 3
73 0
74 0
75 1
76 3
77 3
78 0
79 0
80 0
81 0
82 3
83 3
84 2
85 1
86 0
87 1
88 1
89 0
90 3
91 3
92 1
93 2
94 3
95 2
96 0
97 2
98 1
99 2
100 3
101 0
102 0
103 1
104 3
105 1
106 1
107 1
108 0
109 0
110 3
111 3
112 3
113 3
114 0
115 0
116 0
117 3
118 1
119 1
120 1
121 1
122 0
123 3
124 3
125 3
126 3
127 1
128 0
129 0
130 0
131 1
132 3
133 3
134 1
135 1
136 0
137 0
138 2
139 1
140 2
141 1
142 2
143 3
144 2
145 1
146 2
147 3
148 0
149 0
150 3
151 1
152 3
153 1
154 3
155 1
156 1
157 1
158 3
159 0
160 1
161 1
162 3
163 1
164 3
165 3
166 1
167 0
168 3
169 0
170 1
171 2
172 0
173 1
174 1
175 1
176 0
177 0
178 3
179 1
180 1
181 3
182 2
183 2
184 2
185 2
186 0
187 0
188 2
189 1
190 0
191 2
192 3
193 0
194 0
195 1
196 3
197 3
198 0
199 0
200 1
201 1
202 0
203 3
204 1
205 2
206 2
207 2
208 2
209 2
210 0
211 2
212 2
213 2
214 2
215 2
216 2
217 2
218 0
219 1
220 0
