0 3
1 3
2 1
3 1
4 2
5 0
6 0
7 2
8 0
9 2
10 3
11 3
12 2
13 2
14 0
15 2
16 3
17 3
18 3
19 1
20 2
21 0
22 2
23 0
24 2
25 0
26 2
27 0
28 1
29 1
30 1
31 1
32 3
33 3
34 2
35 3
36 3
37 1
38 3
39 0
40 2
41 1
42 0
43 2
44 2
45 3
46 0
47 2
48 0
49 2
50 3
51 2
52 0
53 2
54 1
55 1
56 3
57 1
58 0
59 2
60 0
61 2
62 3
63 1
64 3
65 3
66 2
67 0
68 2
69 0
70 2
71 0
72 2
73 0
74 1
75 1
76 3
77 1
78 2
79 0
80 2
81 1
82 3
83 3
84 3
85 3
86 0
87 3
88 2
89 2
90 0
91 2
92 0
93 2
94 0
95 0
96 1
97 1
98 3
99 1
100 1
101 1
102 2
103 0
104 2
105 0
106 3
107 0
108 3
109 3
110 2
111 0
112 2
113 0
114 2
115 0
116 2
117 0
118 1
119 1
120 1
121 1
122 3
123 3
124 0
125 2
126 1
127 2
128 0
129 1
130 0
131 0
132 1
133 2
134 3
135 3
136 3
137 3
138 0
139 2
140 3
141 3
142 3
143 3
144 1
145 1
146 1
147 0
148 1
149 1
150 0
151 0
152 2
153 0
154 2
155 0
156 2
157 0
158 1
159 1
160 3
161 1
162 3
163 3
164 3
165 3
166 1
167 1
168 1
169 0
170 2
171 0
172 0
173 2
174 0
175 2
176 1
177 2
178 0
179 2
180 0
181 2
182 0
183 0
184 0
185 2
186 1
187 1
188 1
189 0
190 1
191 1
192 3
193 3
194 1
195 3
196 1
197 1
198 1
199 1
200 0
201 2
202 0
203 2
204 3
205 3
206 0
207 2
208 1
209 1
210 1
211 2
212 3
213 3
214 0
215 2
216 0
217 2
218 0
219 2
220 2
221 0
222 3
223 3
224 3
225 3
