0 0
1 1
2 0
3 0
4 0
5 0
6 0
7 0
8 0
9 1
10 1
11 1
12 1
13 0
14 0
15 0
16 0
17 1
18 1
19 1
20 2
21 0
22 0
23 0
24 0
25 0
26 3
27 3
28 1
29 1
30 1
31 1
32 2
33 2
34 0
35 0
36 0
37 0
38 0
39 3
40 3
41 3
42 1
43 1
44 1
45 1
46 1
47 2
48 2
49 2
50 0
51 0
52 0
53 0
54 0
55 0
56 3
57 3
58 3
59 3
60 1
61 1
62 1
63 1
64 2
65 0
66 3
67 2
68 2
69 0
70 0
71 3
72 3
73 1
74 1
75 1
76 2
77 2
78 3
79 0
80 0
81 0
82 3
83 3
84 2
85 1
86 1
87 1
88 2
89 2
90 0
91 2
92 2
93 1
94 0
95 3
96 1
97 2
98 2
99 1
100 2
101 2
102 3
103 3
104 0
105 2
106 3
107 3
108 3
109 2
110 1
111 1
112 3
113 2
114 2
115 2
116 2
117 2
118 3
119 3
120 3
121 1
122 1
123 2
124 2
125 2
126 2
127 3
128 3
129 3
130 3
131 2
132 2
133 2
134 2
135 1
136 1
137 1
138 3
139 2
140 2
141 3
142 2
143 2
144 2
145 2
146 2
147 0
148 3
149 2
150 3
151 3
152 1
153 2
154 2
155 3
156 2
157 0
158 0
159 3
160 3
161 2
162 1
163 2
164 3
165 0
166 3
167 2
168 1
169 3
170 3
171 3
172 1
173 2
174 1
175 1
176 1
177 3
178 2
179 2
180 2
181 0
182 0
183 3
184 1
185 3
186 2
187 1
188 0
189 0
190 0
191 0
192 1
193 3
194 3
195 1
196 2
197 2
198 1
199 0
200 0
201 2
202 2
203 0
204 3
205 3
206 1
207 1
208 1
209 1
210 2
211 1
212 0
213 0
214 3
215 0
216 3
217 1
218 3
219 2
220 0
221 3
222 3
223 1
224 2
225 2
226 0
227 0
228 1
229 0
230 0
231 3
232 1
233 3
234 2
235 1
236 3
237 3
