0 2
1 0
2 2
3 1
4 2
5 0
6 2
7 1
8 2
9 3
10 2
11 1
12 2
13 0
14 2
15 0
16 0
17 3
18 1
19 3
20 0
21 3
22 1
23 2
24 1
25 2
26 0
27 2
28 3
29 0
30 1
31 3
32 1
33 2
34 2
35 2
36 0
37 0
38 3
39 1
40 1
41 1
42 1
43 1
44 2
45 3
46 2
47 2
48 3
49 2
50 1
51 2
52 0
53 0
54 2
55 1
56 3
57 0
58 1
59 3
60 2
61 1
62 2
63 2
64 1
65 3
66 3
67 3
68 0
69 3
70 3
71 1
72 1
73 2
74 0
75 1
76 3
77 0
78 3
79 1
80 2
81 0
82 2
83 2
84 2
85 0
86 2
87 3
88 0
89 1
90 3
91 2
92 1
93 2
94 0
95 2
96 3
97 0
98 1
99 1
100 3
101 3
102 0
103 2
104 3
105 1
106 2
107 2
108 0
109 1
110 0
111 0
112 0
113 2
114 1
115 0
116 0
117 3
118 3
119 2
120 1
121 2
122 0
123 2
124 2
125 3
126 2
127 1
128 2
129 0
130 0
131 3
132 3
133 1
134 3
135 0
136 3
137 3
138 1
139 1
140 0
141 0
142 3
143 1
144 1
145 3
146 0
147 0
148 0
149 3
150 3
151 1
152 3
153 0
154 1
155 3
156 2
157 1
158 1
159 0
160 1
161 2
162 0
163 2
164 0
165 2
166 3
167 2
168 1
169 2
170 0
171 2
172 3
173 3
174 3
175 0
176 3
177 0
178 3
179 0
180 1
181 3
182 3
183 0
184 0
185 2
186 1
187 2
188 3
189 2
190 0
191 3
192 0
193 0
194 3
195 1
196 0
197 3
198 1
199 0
200 3
201 1
202 0
203 3
204 1
205 2
206 3
207 1
208 2
209 2
210 0
211 3
212 3
213 2
214 0
215 2
216 0
217 3
218 3
219 2
220 0
221 0
222 1
223 3
224 3
225 1
226 1
227 3
228 0
229 1
230 3
231 2
232 1
233 2
234 0
235 0
236 2
237 0
238 1
239 2
240 3
241 2
242 1
243 1
244 3
245 0
246 1
247 2
248 3
249 3
