0 3
1 1
2 3
3 3
4 3
5 3
6 3
7 3
8 3
9 3
10 2
11 3
12 2
13 1
14 3
15 3
16 3
17 3
18 2
19 3
20 3
21 2
22 2
23 1
24 1
25 3
26 3
27 3
28 3
29 3
30 3
31 2
32 2
33 2
34 2
35 1
36 1
37 3
38 3
39 3
40 3
41 0
42 3
43 3
44 2
45 2
46 2
47 2
48 1
49 1
50 1
51 0
52 0
53 3
54 3
55 3
56 3
57 3
58 3
59 0
60 0
61 2
62 2
63 2
64 0
65 3
66 1
67 2
68 2
69 2
70 1
71 1
72 0
73 0
74 3
75 3
76 1
77 0
78 0
79 2
80 2
81 2
82 1
83 0
84 3
85 0
86 0
87 1
88 0
89 0
90 0
91 2
92 2
93 2
94 1
95 3
96 0
97 1
98 2
99 0
100 1
101 1
102 2
103 2
104 3
105 0
106 0
107 2
108 1
109 0
110 1
111 1
112 1
113 1
114 1
115 2
116 2
117 1
118 1
119 0
120 0
121 2
122 2
123 0
124 1
125 1
126 1
127 1
128 1
129 0
130 0
131 0
132 2
133 2
134 2
135 1
136 1
137 1
138 1
139 0
140 0
141 0
142 0
143 1
144 2
145 2
146 2
147 0
148 0
149 0
150 0
151 2
152 2
153 1
154 1
155 0
156 0
157 2
158 2
159 0
160 1
161 0
162 0
163 1
164 1
165 0
166 1
167 3
168 0
169 0
170 1
171 0
172 0
173 2
174 2
175 0
176 0
177 1
178 0
179 0
180 1
181 1
182 0
183 1
184 2
185 1
186 1
187 0
188 3
189 3
190 1
191 2
192 0
193 0
194 2
195 2
196 1
197 1
198 1
199 1
200 0
201 1
202 1
203 1
204 1
205 3
206 3
207 0
208 2
209 3
210 3
211 2
212 2
213 2
214 0
215 1
216 0
217 1
218 1
219 1
220 0
221 0
222 2
223 0
224 1
225 2
226 1
227 2
228 2
229 0
230 3
231 3
232 0
233 3
234 2
235 2
236 2
237 2
238 0
239 1
240 3
241 1
242 1
243 3
244 0
245 2
246 1
247 1
248 3
249 3
250 2
251 3
252 3
253 3
254 2
255 3
256 0
257 0
258 3
259 3
260 2
261 3
262 3
263 3
264 0
