0 3
1 3
2 3
3 3
4 2
5 3
6 3
7 3
8 3
9 3
10 3
11 3
12 3
13 3
14 2
15 3
16 2
17 3
18 0
19 3
20 3
21 3
22 3
23 3
24 1
25 1
26 3
27 2
28 2
29 2
30 0
31 0
32 3
33 3
34 3
35 3
36 3
37 3
38 2
39 2
40 2
41 2
42 0
43 0
44 0
45 0
46 3
47 3
48 3
49 3
50 3
51 3
52 3
53 1
54 1
55 2
56 2
57 2
58 2
59 2
60 0
61 0
62 0
63 1
64 1
65 3
66 3
67 3
68 3
69 3
70 1
71 1
72 2
73 2
74 2
75 0
76 0
77 1
78 3
79 2
80 3
81 0
82 1
83 1
84 2
85 2
86 0
87 0
88 0
89 1
90 1
91 2
92 3
93 0
94 1
95 1
96 2
97 2
98 0
99 0
100 0
101 1
102 3
103 3
104 0
105 0
106 1
107 1
108 2
109 2
110 0
111 0
112 0
113 1
114 1
115 2
116 2
117 0
118 1
119 1
120 1
121 1
122 1
123 0
124 2
125 2
126 2
127 2
128 1
129 1
130 0
131 0
132 0
133 0
134 0
135 1
136 1
137 1
138 1
139 1
140 2
141 2
142 2
143 2
144 0
145 0
146 0
147 0
148 1
149 1
150 2
151 2
152 1
153 0
154 2
155 1
156 1
157 2
158 2
159 0
160 1
161 1
162 0
163 2
164 1
165 0
166 0
167 1
168 1
169 2
170 2
171 0
172 0
173 0
174 1
175 0
176 1
177 2
178 0
179 1
180 1
181 1
182 0
183 0
184 0
185 2
186 1
187 1
188 1
189 1
190 1
191 3
192 3
193 0
194 1
195 2
196 1
197 1
198 1
199 1
200 0
201 0
202 1
203 1
204 0
205 0
206 0
207 0
208 0
209 3
210 3
211 1
212 1
213 3
214 2
215 1
216 1
217 0
218 0
219 0
220 2
221 1
222 3
223 0
224 3
225 3
226 1
227 3
228 3
229 2
230 2
231 1
232 0
233 2
234 2
235 1
236 0
237 0
238 2
239 0
240 0
241 1
242 1
243 3
244 2
245 3
246 0
247 2
248 1
249 2
250 3
251 1
252 1
253 3
254 0
255 3
256 3
257 3
258 3
259 3
260 2
261 3
262 3
263 3
264 3
