0 3
1 1
2 1
3 0
4 1
5 2
6 0
7 3
8 0
9 3
10 3
11 3
12 2
13 1
14 3
15 3
16 0
17 0
18 1
19 1
20 2
21 0
22 0
23 1
24 3
25 1
26 0
27 3
28 0
29 1
30 3
31 0
32 1
33 3
34 2
35 3
36 2
37 3
38 3
39 2
40 3
41 2
42 3
43 3
44 3
45 3
46 1
47 3
48 2
49 0
50 0
51 1
52 2
53 0
54 1
55 1
56 2
57 3
58 0
59 1
60 0
61 3
62 1
63 0
64 1
65 2
66 2
67 1
68 0
69 0
70 2
71 1
72 3
73 2
74 2
75 3
76 2
77 2
78 3
79 2
80 2
81 3
82 2
83 2
84 3
85 2
86 1
87 0
88 1
89 0
90 1
91 0
92 2
93 1
94 3
95 3
96 0
97 0
98 3
99 3
100 0
101 1
102 0
103 1
104 3
105 1
106 0
107 1
108 0
109 3
110 0
111 3
112 1
113 0
114 3
115 1
116 0
117 2
118 2
119 3
120 2
121 2
122 2
123 2
124 3
125 2
126 2
127 3
128 3
129 2
130 1
131 2
132 0
133 2
134 1
135 0
136 0
137 2
138 2
139 1
140 1
141 0
142 2
143 1
144 2
145 0
146 0
147 1
148 2
149 0
150 1
151 2
152 0
153 1
154 3
155 0
156 1
157 0
158 1
159 3
160 0
161 1
162 3
163 0
164 1
165 2
166 1
167 0
168 2
169 0
170 3
171 0
172 1
173 1
174 1
175 3
176 1
177 3
178 2
179 2
180 2
181 3
182 3
183 2
184 3
185 2
186 3
187 2
188 2
189 3
190 2
191 2
192 1
193 2
194 2
195 0
196 2
197 1
198 0
199 3
200 2
201 2
202 2
203 3
204 0
205 0
206 0
207 0
208 1
209 0
210 1
211 1
212 1
213 3
214 0
215 2
216 1
217 1
218 2
219 2
220 0
221 3
222 0
223 2
224 3
225 3
226 0
227 1
228 3
229 0
230 1
231 3
232 0
233 1
234 2
235 0
236 1
237 2
238 1
239 2
240 1
241 2
242 2
243 0
244 2
245 0
246 1
247 1
248 0
249 0
250 2
251 3
252 3
253 3
254 3
255 3
256 3
257 2
258 3
259 2
260 2
261 3
262 0
263 0
264 2
265 1
266 0
267 3
268 0
269 3
270 1
271 1
272 1
273 3
274 3
275 1
276 1
277 1
278 3
279 0
280 1
281 1
282 2
283 2
284 3
285 0
286 0
287 1
288 3
