0 2
1 2
2 1
3 2
4 3
5 1
6 0
7 3
8 1
9 3
10 1
11 0
12 2
13 2
14 3
15 1
16 3
17 1
18 2
19 1
20 2
21 3
22 1
23 0
24 1
25 0
26 2
27 3
28 1
29 2
30 1
31 1
32 2
33 3
34 1
35 2
36 3
37 3
38 2
39 2
40 2
41 2
42 0
43 2
44 0
45 2
46 2
47 0
48 2
49 0
50 3
51 1
52 2
53 3
54 3
55 1
56 2
57 0
58 1
59 1
60 1
61 0
62 3
63 3
64 3
65 2
66 1
67 1
68 1
69 0
70 0
71 3
72 2
73 0
74 0
75 2
76 0
77 0
78 2
79 0
80 0
81 2
82 0
83 0
84 1
85 2
86 1
87 3
88 2
89 3
90 0
91 3
92 3
93 3
94 1
95 1
96 0
97 3
98 1
99 0
100 3
101 2
102 1
103 3
104 2
105 2
106 1
107 3
108 2
109 1
110 3
111 2
112 3
113 2
114 1
115 1
116 3
117 3
118 2
119 1
120 0
121 3
122 1
123 2
124 0
125 0
126 2
127 2
128 0
129 0
130 2
131 0
132 0
133 0
134 0
135 2
136 0
137 1
138 1
139 0
140 1
141 3
142 0
143 3
144 3
145 1
146 0
147 1
148 0
149 1
150 3
151 1
152 0
153 0
154 3
155 1
156 3
157 0
158 3
159 0
160 3
161 0
162 3
163 1
164 0
165 3
166 1
167 2
168 3
169 1
170 2
171 3
172 3
173 2
174 3
175 2
176 3
177 1
178 2
179 3
180 1
181 2
182 1
183 0
184 0
185 0
186 0
187 0
188 0
189 0
190 2
191 0
192 2
193 0
194 0
195 2
196 0
197 1
198 3
199 0
200 1
201 3
202 0
203 0
204 0
205 2
206 0
207 1
208 1
209 0
210 0
211 3
212 2
213 3
214 0
215 3
216 2
217 1
218 3
219 3
220 1
221 1
222 3
223 3
224 1
225 2
226 0
227 0
228 3
229 1
230 0
231 3
232 1
233 2
234 3
235 1
236 2
237 3
238 1
239 3
240 1
241 0
242 1
243 3
244 1
245 3
246 1
247 1
248 0
249 3
250 0
251 0
252 1
253 0
254 3
255 2
256 3
257 1
258 2
259 1
260 2
261 1
262 1
263 2
264 0
265 0
266 2
267 0
268 0
269 2
270 2
271 2
272 2
273 2
274 2
275 2
276 0
277 3
278 1
279 1
280 0
281 0
282 3
283 1
284 3
285 2
286 3
287 1
288 2
289 2
290 0
291 1
292 0
293 2
294 1
295 0
296 3
297 0
298 3
299 1
300 2
301 3
302 2
303 2
304 2
305 1
306 0
307 1
