0 3
1 2
2 1
3 1
4 2
5 0
6 2
7 1
8 0
9 2
10 0
11 3
12 3
13 0
14 1
15 3
16 2
17 3
18 2
19 1
20 1
21 2
22 0
23 3
24 0
25 1
26 1
27 2
28 3
29 2
30 1
31 3
32 1
33 2
34 3
35 2
36 1
37 3
38 3
39 3
40 3
41 3
42 3
43 3
44 3
45 3
46 3
47 3
48 3
49 3
50 2
51 0
52 1
53 1
54 1
55 0
56 2
57 2
58 2
59 0
60 0
61 1
62 1
63 1
64 0
65 2
66 2
67 0
68 0
69 1
70 2
71 2
72 0
73 0
74 3
75 0
76 0
77 3
78 0
79 0
80 3
81 0
82 0
83 3
84 0
85 2
86 1
87 0
88 1
89 2
90 1
91 2
92 1
93 0
94 1
95 0
96 1
97 2
98 0
99 2
100 1
101 2
102 3
103 3
104 1
105 2
106 2
107 1
108 2
109 3
110 1
111 1
112 2
113 2
114 3
115 1
116 3
117 2
118 1
119 3
120 2
121 1
122 0
123 3
124 3
125 3
126 3
127 0
128 3
129 3
130 0
131 3
132 3
133 0
134 3
135 3
136 0
137 2
138 0
139 1
140 0
141 1
142 1
143 1
144 0
145 0
146 2
147 2
148 2
149 0
150 2
151 0
152 1
153 1
154 1
155 0
156 1
157 2
158 0
159 2
160 2
161 1
162 2
163 0
164 2
165 1
166 0
167 1
168 1
169 0
170 2
171 1
172 0
173 2
174 3
175 1
176 2
177 3
178 2
179 1
180 3
181 1
182 3
183 3
184 0
185 3
186 3
187 0
188 3
189 3
190 3
191 0
192 0
193 3
194 3
195 0
196 3
197 0
198 2
199 1
200 0
201 2
202 1
203 0
204 3
205 0
206 0
207 0
208 0
209 2
210 1
211 1
212 1
213 2
214 1
215 2
216 2
217 0
218 1
219 0
220 1
221 0
222 2
223 0
224 0
225 1
226 2
227 1
228 1
229 0
230 1
231 2
232 0
233 2
234 2
235 0
236 2
237 1
238 0
239 2
240 0
241 1
242 2
243 1
244 0
245 2
246 0
247 0
248 1
249 0
250 2
251 2
252 2
253 1
254 1
255 1
256 2
257 3
258 2
259 3
260 2
261 1
262 3
263 3
264 3
265 3
266 3
267 3
268 3
269 3
270 3
271 3
272 3
273 3
274 3
275 3
276 3
277 1
278 0
279 0
280 2
281 2
282 1
283 3
284 2
285 1
286 3
287 1
288 2
289 1
290 2
291 0
292 3
293 0
294 0
295 1
296 0
297 2
298 2
299 3
300 1
301 1
302 2
303 0
304 2
305 0
306 2
307 1
308 2
309 3
