0 0
1 0
2 3
3 0
4 2
5 0
6 0
7 0
8 2
9 0
10 3
11 3
12 0
13 0
14 3
15 3
16 0
17 0
18 2
19 0
20 0
21 2
22 3
23 3
24 0
25 0
26 2
27 0
28 0
29 2
30 3
31 3
32 0
33 1
34 2
35 0
36 0
37 2
38 3
39 3
40 0
41 1
42 3
43 3
44 0
45 2
46 3
47 3
48 0
49 1
50 2
51 0
52 0
53 2
54 2
55 3
56 0
57 2
58 2
59 0
60 3
61 3
62 0
63 2
64 3
65 3
66 0
67 1
68 3
69 3
70 1
71 1
72 3
73 3
74 0
75 1
76 3
77 3
78 0
79 1
80 2
81 1
82 0
83 2
84 2
85 0
86 0
87 2
88 3
89 3
90 0
91 2
92 3
93 1
94 2
95 0
96 0
97 2
98 3
99 3
100 0
101 1
102 2
103 0
104 0
105 2
106 3
107 1
108 0
109 2
110 3
111 3
112 0
113 1
114 1
115 1
116 0
117 2
118 3
119 3
120 0
121 1
122 3
123 3
124 1
125 1
126 2
127 1
128 0
129 2
130 2
131 1
132 0
133 2
134 2
135 1
136 0
137 2
138 1
139 0
140 3
141 3
142 1
143 1
144 1
145 0
146 3
147 3
148 0
149 1
150 2
151 1
152 2
153 2
154 1
155 1
156 0
157 2
158 3
159 3
160 1
161 1
162 2
163 1
164 2
165 2
166 2
167 1
168 2
169 2
170 1
171 1
172 2
173 2
174 3
175 3
176 1
177 1
178 1
179 1
180 3
181 3
182 2
183 1
184 2
185 2
186 1
187 1
188 2
189 2
190 3
191 3
192 3
193 1
194 1
195 1
196 3
197 3
198 2
199 2
200 0
201 2
202 3
203 1
204 1
205 1
206 2
207 3
208 0
209 2
210 1
211 1
212 0
213 1
214 2
215 2
216 0
217 1
218 3
219 3
220 1
221 1
222 2
223 3
224 0
225 0
226 1
227 1
228 0
229 2
230 2
231 0
232 1
233 1
234 3
235 3
236 1
237 2
238 3
239 3
240 0
241 1
242 0
243 2
244 3
245 1
246 1
247 2
248 2
249 1
250 1
251 2
252 1
253 1
254 2
255 3
256 0
257 0
258 2
259 3
260 0
261 0
262 1
263 0
264 0
265 0
266 2
267 2
268 1
269 1
270 2
271 0
272 0
273 1
274 2
275 3
276 1
277 1
278 3
279 3
280 0
281 2
282 3
283 0
284 1
285 2
286 3
287 3
288 0
289 3
290 2
291 0
292 2
293 1
294 0
295 0
296 2
297 1
298 2
299 2
300 3
301 0
302 3
303 3
304 0
305 3
306 3
307 0
308 2
309 3
310 1
311 1
