0 1
1 1
2 0
3 1
4 3
5 1
6 0
7 1
8 3
9 1
10 0
11 1
12 3
13 0
14 2
15 0
16 3
17 2
18 3
19 1
20 1
21 2
22 2
23 0
24 3
25 1
26 1
27 3
28 3
29 2
30 0
31 3
32 1
33 0
34 1
35 2
36 0
37 0
38 2
39 2
40 3
41 0
42 3
43 2
44 0
45 1
46 3
47 1
48 0
49 3
50 0
51 1
52 2
53 2
54 1
55 2
56 1
57 3
58 3
59 0
60 1
61 1
62 2
63 1
64 1
65 2
66 0
67 0
68 3
69 2
70 2
71 1
72 2
73 3
74 2
75 3
76 3
77 0
78 1
79 1
80 0
81 2
82 1
83 0
84 3
85 2
86 0
87 0
88 1
89 3
90 1
91 2
92 0
93 3
94 2
95 2
96 3
97 0
98 3
99 2
100 1
101 1
102 3
103 1
104 0
105 3
106 1
107 1
108 2
109 2
110 1
111 1
112 0
113 2
114 3
115 2
116 3
117 1
118 0
119 1
120 3
121 1
122 0
123 1
124 2
125 2
126 0
127 2
128 0
129 2
130 2
131 3
132 2
133 3
134 0
135 2
136 0
137 1
138 1
139 3
140 1
141 0
142 0
143 3
144 2
145 0
146 2
147 2
148 3
149 3
150 1
151 0
152 1
153 2
154 1
155 3
156 0
157 3
158 3
159 3
160 3
161 0
162 0
163 3
164 2
165 2
166 2
167 3
168 3
169 0
170 0
171 0
172 0
173 3
174 0
175 2
176 2
177 2
178 0
179 3
180 0
181 0
182 1
183 2
184 0
185 3
186 2
187 0
188 2
189 2
190 3
191 1
192 3
193 1
194 0
195 1
196 3
197 1
198 2
199 1
200 3
201 1
202 2
203 2
204 3
205 0
206 0
207 3
208 2
209 0
210 0
211 3
212 3
213 0
214 0
215 2
216 3
217 3
218 1
219 3
220 3
221 3
222 0
223 1
224 0
225 2
226 2
227 2
228 0
229 0
230 0
231 3
232 3
233 3
234 0
235 1
236 0
237 2
238 1
239 0
240 3
241 2
242 0
243 2
244 2
245 2
246 3
247 3
248 1
249 3
250 1
251 0
252 0
253 2
254 2
255 3
256 3
257 2
258 1
259 3
260 3
261 1
262 1
263 0
264 1
265 1
266 2
267 3
268 1
269 2
270 1
271 0
272 0
273 1
274 2
275 0
276 3
277 1
278 2
279 3
280 3
281 2
282 1
283 2
284 1
285 3
286 2
287 2
288 3
289 0
290 0
291 3
292 2
293 3
294 3
295 1
296 0
297 1
298 2
299 0
300 3
301 2
302 1
303 2
304 3
305 2
306 3
307 2
308 0
309 1
310 3
311 2
312 2
313 1
314 1
