0 2
1 1
2 1
3 0
4 0
5 3
6 3
7 1
8 1
9 0
10 0
11 3
12 3
13 0
14 3
15 1
16 0
17 3
18 1
19 1
20 2
21 2
22 1
23 2
24 2
25 3
26 0
27 2
28 3
29 2
30 2
31 2
32 2
33 2
34 2
35 2
36 2
37 1
38 1
39 0
40 0
41 3
42 1
43 0
44 0
45 1
46 3
47 0
48 1
49 1
50 1
51 2
52 0
53 2
54 3
55 3
56 1
57 0
58 1
59 0
60 3
61 0
62 3
63 1
64 2
65 3
66 2
67 2
68 1
69 2
70 3
71 0
72 3
73 2
74 3
75 1
76 2
77 1
78 0
79 2
80 2
81 2
82 2
83 0
84 0
85 1
86 3
87 0
88 0
89 1
90 3
91 0
92 0
93 3
94 1
95 3
96 1
97 0
98 1
99 2
100 3
101 0
102 3
103 1
104 3
105 0
106 0
107 2
108 1
109 3
110 0
111 0
112 1
113 1
114 0
115 0
116 3
117 1
118 1
119 3
120 3
121 0
122 3
123 3
124 3
125 1
126 0
127 3
128 0
129 2
130 2
131 0
132 1
133 2
134 2
135 2
136 2
137 2
138 2
139 0
140 0
141 0
142 0
143 3
144 1
145 3
146 1
147 1
148 2
149 0
150 2
151 2
152 3
153 2
154 1
155 2
156 2
157 3
158 2
159 1
160 3
161 3
162 0
163 1
164 0
165 1
166 0
167 3
168 0
169 3
170 0
171 1
172 1
173 3
174 1
175 3
176 0
177 0
178 1
179 0
180 1
181 3
182 3
183 0
184 3
185 0
186 0
187 1
188 3
189 1
190 1
191 0
192 0
193 3
194 3
195 1
196 1
197 0
198 0
199 3
200 3
201 2
202 2
203 2
204 2
205 2
206 2
207 2
208 2
209 2
210 2
211 2
212 2
213 3
214 3
215 3
216 1
217 1
218 1
219 0
220 0
221 3
222 1
223 0
224 0
225 3
226 1
227 0
228 0
229 0
230 0
231 0
232 3
233 0
234 0
235 1
236 3
237 1
238 3
239 0
240 1
241 1
242 3
243 0
244 0
245 3
246 3
247 3
248 1
249 1
250 1
251 3
252 3
253 0
254 0
255 1
256 1
257 3
258 2
259 1
260 2
261 3
262 2
263 1
264 2
265 3
266 2
267 1
268 2
269 1
270 2
271 0
272 0
273 3
274 1
275 3
276 0
277 0
278 1
279 3
280 0
281 0
282 1
283 1
284 3
285 3
286 0
287 1
288 1
289 3
290 3
291 0
292 1
293 3
294 1
295 2
296 2
297 2
298 2
299 1
300 2
301 0
302 0
303 0
304 0
305 2
306 2
307 2
308 2
309 2
310 2
311 2
312 2
313 2
314 2
315 2
316 2
317 2
318 2
