0 0
1 0
2 1
3 0
4 1
5 0
6 1
7 2
8 3
9 0
10 1
11 0
12 1
13 2
14 3
15 2
16 3
17 2
18 3
19 3
20 2
21 1
22 1
23 0
24 1
25 3
26 0
27 2
28 2
29 3
30 0
31 3
32 3
33 2
34 2
35 1
36 2
37 1
38 3
39 2
40 0
41 1
42 0
43 3
44 2
45 1
46 3
47 1
48 1
49 2
50 1
51 0
52 2
53 0
54 3
55 0
56 2
57 0
58 2
59 0
60 3
61 3
62 0
63 1
64 1
65 2
66 1
67 1
68 3
69 2
70 0
71 1
72 0
73 0
74 1
75 0
76 3
77 0
78 2
79 3
80 1
81 2
82 1
83 2
84 0
85 3
86 3
87 3
88 0
89 3
90 3
91 2
92 2
93 1
94 2
95 1
96 3
97 2
98 0
99 1
100 3
101 3
102 0
103 1
104 0
105 1
106 1
107 0
108 2
109 0
110 2
111 0
112 3
113 0
114 2
115 1
116 1
117 0
118 0
119 0
120 0
121 1
122 1
123 1
124 0
125 3
126 2
127 3
128 2
129 0
130 3
131 3
132 2
133 1
134 0
135 1
136 0
137 0
138 1
139 3
140 2
141 3
142 2
143 3
144 2
145 2
146 2
147 3
148 0
149 2
150 1
151 2
152 3
153 1
154 0
155 1
156 0
157 2
158 3
159 3
160 2
161 3
162 2
163 2
164 2
165 2
166 3
167 2
168 3
169 3
170 2
171 3
172 2
173 2
174 1
175 3
176 3
177 2
178 2
179 1
180 3
181 2
182 3
183 3
184 1
185 3
186 1
187 2
188 3
189 2
190 3
191 3
192 2
193 3
194 2
195 2
196 3
197 1
198 0
199 1
200 0
201 0
202 1
203 0
204 1
205 2
206 1
207 0
208 1
209 0
210 3
211 0
212 1
213 2
214 3
215 0
216 3
217 2
218 2
219 2
220 0
221 3
222 2
223 3
224 2
225 2
226 3
227 2
228 0
229 0
230 1
231 3
232 2
233 2
234 1
235 2
236 3
237 0
238 3
239 2
240 1
241 2
242 3
243 2
244 3
245 3
246 1
247 3
248 1
249 0
250 1
251 1
252 2
253 1
254 0
255 0
256 0
257 3
258 0
259 3
260 0
261 3
262 2
263 0
264 2
265 1
266 1
267 3
268 1
269 1
270 1
271 2
272 1
273 0
274 0
275 0
276 0
277 2
278 0
279 2
280 2
281 1
282 3
283 0
284 2
285 0
286 0
287 3
288 2
289 0
290 1
291 2
292 1
293 1
294 3
295 0
296 3
297 1
298 0
299 2
300 2
301 0
302 3
303 3
304 0
305 2
306 1
307 0
308 3
309 0
310 2
311 3
312 1
313 2
314 1
315 2
316 2
317 3
318 3
319 1
320 2
321 1
322 2
323 0
324 1
325 1
326 3
327 0
328 3
329 0
330 0
331 1
332 3
333 0
334 2
