0 3
1 0
2 1
3 1
4 2
5 1
6 0
7 0
8 2
9 1
10 2
11 2
12 0
13 3
14 1
15 1
16 3
17 2
18 2
19 2
20 2
21 3
22 1
23 2
24 3
25 2
26 1
27 2
28 1
29 3
30 1
31 2
32 3
33 1
34 1
35 2
36 1
37 2
38 1
39 0
40 0
41 3
42 3
43 0
44 0
45 0
46 0
47 3
48 3
49 0
50 0
51 2
52 0
53 2
54 0
55 2
56 0
57 1
58 2
59 0
60 1
61 0
62 1
63 0
64 1
65 2
66 3
67 1
68 2
69 2
70 2
71 3
72 2
73 1
74 3
75 1
76 1
77 1
78 2
79 3
80 1
81 0
82 2
83 1
84 0
85 0
86 2
87 1
88 0
89 2
90 2
91 3
92 3
93 2
94 1
95 2
96 1
97 3
98 3
99 1
100 1
101 0
102 0
103 0
104 3
105 0
106 0
107 3
108 0
109 0
110 0
111 0
112 0
113 0
114 3
115 0
116 0
117 3
118 0
119 0
120 0
121 2
122 0
123 0
124 1
125 2
126 0
127 0
128 1
129 1
130 1
131 3
132 3
133 1
134 2
135 1
136 2
137 3
138 3
139 2
140 2
141 3
142 0
143 0
144 3
145 0
146 0
147 3
148 3
149 3
150 3
151 3
152 2
153 1
154 3
155 3
156 2
157 1
158 3
159 0
160 1
161 1
162 1
163 2
164 0
165 0
166 1
167 2
168 2
169 2
170 0
171 0
172 1
173 1
174 0
175 2
176 1
177 2
178 0
179 1
180 1
181 2
182 0
183 1
184 2
185 0
186 0
187 1
188 2
189 0
190 1
191 2
192 2
193 0
194 1
195 2
196 1
197 0
198 2
199 2
200 0
201 3
202 3
203 3
204 3
205 3
206 3
207 3
208 3
209 3
210 3
211 3
212 3
213 2
214 2
215 3
216 3
217 1
218 2
219 1
220 2
221 3
222 3
223 1
224 1
225 0
226 3
227 0
228 0
229 3
230 0
231 0
232 3
233 0
234 0
235 3
236 0
237 1
238 1
239 3
240 1
241 2
242 1
243 1
244 3
245 1
246 2
247 1
248 2
249 3
250 2
251 2
252 1
253 2
254 3
255 2
256 2
257 3
258 3
259 3
260 3
261 0
262 1
263 0
264 0
265 1
266 0
267 0
268 2
269 0
270 0
271 2
272 0
273 0
274 0
275 0
276 3
277 0
278 0
279 0
280 0
281 0
282 0
283 3
284 0
285 0
286 0
287 2
288 1
289 2
290 1
291 1
292 3
293 1
294 3
295 1
296 1
297 3
298 2
299 3
300 1
301 3
302 3
303 1
304 3
305 2
306 2
307 3
308 2
309 3
310 2
311 1
312 2
313 1
314 1
315 2
316 2
317 1
318 2
319 2
320 2
321 1
322 1
323 0
324 0
325 0
326 0
327 2
328 2
329 2
330 1
331 2
332 2
333 2
334 1
335 2
336 1
337 1
338 1
339 2
340 1
341 1
342 1
