0 2
1 1
2 2
3 2
4 0
5 0
6 1
7 1
8 2
9 2
10 0
11 0
12 1
13 1
14 3
15 0
16 1
17 2
18 0
19 2
20 3
21 2
22 3
23 0
24 1
25 3
26 0
27 1
28 3
29 2
30 3
31 3
32 2
33 3
34 3
35 3
36 2
37 2
38 3
39 3
40 3
41 3
42 1
43 0
44 3
45 1
46 0
47 3
48 1
49 0
50 3
51 1
52 0
53 2
54 1
55 0
56 2
57 1
58 0
59 3
60 1
61 0
62 3
63 1
64 0
65 2
66 1
67 0
68 2
69 1
70 0
71 3
72 1
73 0
74 3
75 1
76 0
77 2
78 2
79 2
80 3
81 3
82 2
83 1
84 3
85 0
86 1
87 1
88 3
89 0
90 1
91 0
92 1
93 1
94 3
95 0
96 1
97 1
98 2
99 0
100 0
101 1
102 1
103 2
104 2
105 0
106 0
107 1
108 1
109 2
110 2
111 2
112 2
113 2
114 2
115 2
116 2
117 0
118 2
119 0
120 3
121 3
122 3
123 3
124 2
125 3
126 2
127 3
128 1
129 0
130 3
131 1
132 0
133 2
134 1
135 0
136 2
137 1
138 0
139 1
140 2
141 2
142 0
143 0
144 1
145 1
146 2
147 2
148 0
149 0
150 1
151 1
152 1
153 1
154 1
155 1
156 0
157 3
158 3
159 1
160 0
161 0
162 3
163 1
164 1
165 0
166 3
167 3
168 1
169 0
170 0
171 3
172 1
173 3
174 2
175 2
176 3
177 2
178 3
179 2
180 2
181 2
182 2
183 3
184 2
185 1
186 1
187 1
188 1
189 2
190 2
191 3
192 3
193 2
194 2
195 3
196 3
197 2
198 0
199 3
200 0
201 0
202 1
203 3
204 0
205 1
206 3
207 0
208 0
209 1
210 1
211 2
212 3
213 0
214 0
215 1
216 1
217 3
218 2
219 1
220 2
221 0
222 1
223 1
224 2
225 0
226 1
227 3
228 1
229 0
230 3
231 1
232 0
233 3
234 1
235 0
236 3
237 1
238 0
239 2
240 2
241 2
242 3
243 2
244 3
245 3
246 2
247 2
248 1
249 0
250 2
251 1
252 0
253 2
254 1
255 0
256 2
257 1
258 0
259 1
260 3
261 3
262 0
263 0
264 1
265 1
266 2
267 2
268 0
269 0
270 1
271 3
272 3
273 0
274 0
275 1
276 1
277 2
278 0
279 0
280 0
281 1
282 1
283 2
284 0
285 1
286 2
287 0
288 1
289 3
290 0
291 2
292 3
293 3
294 2
295 3
296 2
297 2
298 2
299 2
300 2
301 2
302 3
303 0
304 0
305 1
306 1
307 3
308 2
309 0
310 0
311 1
312 1
313 2
314 3
315 0
316 3
317 0
318 3
319 3
320 1
321 1
322 3
323 2
324 1
325 1
326 0
327 3
328 2
329 3
330 3
331 2
332 3
333 2
334 3
335 3
336 2
337 0
338 0
339 1
340 1
341 2
342 3
343 0
344 0
345 1
346 1
347 3
348 2
349 1
350 1
351 2
352 1
353 0
354 2
355 1
356 0
357 3
358 1
359 0
360 3
361 1
362 0
363 3
364 2
365 3
366 2
