0 3
1 3
2 2
3 0
4 0
5 2
6 3
7 3
8 0
9 2
10 2
11 0
12 3
13 2
14 1
15 0
16 2
17 1
18 0
19 2
20 1
21 0
22 0
23 1
24 0
25 2
26 1
27 2
28 3
29 3
30 1
31 1
32 3
33 3
34 3
35 3
36 1
37 1
38 3
39 3
40 2
41 2
42 1
43 0
44 1
45 2
46 0
47 1
48 2
49 1
50 0
51 0
52 1
53 0
54 1
55 2
56 0
57 0
58 2
59 1
60 0
61 1
62 2
63 1
64 0
65 2
66 2
67 0
68 1
69 2
70 0
71 3
72 0
73 2
74 3
75 2
76 2
77 0
78 1
79 1
80 0
81 2
82 0
83 2
84 1
85 1
86 2
87 0
88 3
89 3
90 3
91 3
92 3
93 3
94 3
95 3
96 3
97 3
98 3
99 3
100 2
101 2
102 3
103 3
104 2
105 2
106 0
107 0
108 3
109 3
110 0
111 0
112 0
113 1
114 2
115 1
116 2
117 1
118 0
119 0
120 2
121 2
122 1
123 0
124 1
125 3
126 1
127 3
128 1
129 3
130 1
131 1
132 3
133 1
134 3
135 0
136 2
137 2
138 0
139 3
140 3
141 2
142 0
143 0
144 2
145 3
146 3
147 3
148 2
149 2
150 1
151 0
152 2
153 0
154 1
155 0
156 1
157 2
158 2
159 1
160 1
161 0
162 0
163 1
164 2
165 1
166 2
167 0
168 2
169 1
170 0
171 0
172 3
173 1
174 1
175 1
176 1
177 3
178 3
179 1
180 1
181 1
182 1
183 3
184 1
185 0
186 2
187 0
188 2
189 1
190 1
191 2
192 0
193 2
194 0
195 1
196 1
197 0
198 2
199 1
200 3
201 1
202 3
203 3
204 3
205 3
206 1
207 3
208 1
209 3
210 1
211 3
212 3
213 3
214 3
215 1
216 3
217 0
218 2
219 2
220 0
221 2
222 0
223 1
224 0
225 1
226 2
227 0
228 0
229 0
230 1
231 2
232 0
233 1
234 2
235 2
236 2
237 0
238 1
239 2
240 1
241 3
242 3
243 3
244 3
245 3
246 3
247 0
248 3
249 2
250 3
251 0
252 2
253 3
254 0
255 3
256 2
257 1
258 2
259 2
260 0
261 0
262 1
263 3
264 3
265 3
266 3
267 3
268 3
269 3
270 3
271 3
272 3
273 3
274 3
275 2
276 3
277 0
278 0
279 3
280 2
281 0
282 3
283 2
284 2
285 3
286 0
287 1
288 0
289 1
290 2
291 2
292 2
293 0
294 0
295 0
296 1
297 2
298 1
299 1
300 0
301 0
302 2
303 2
304 1
305 0
306 2
307 1
308 1
309 0
310 2
311 1
312 2
313 1
314 0
315 2
316 2
317 0
318 1
319 2
320 1
321 0
322 1
323 2
324 0
325 0
326 2
327 1
328 0
329 3
330 3
331 3
332 3
333 3
334 3
335 2
336 1
337 2
338 0
339 1
340 0
341 3
342 1
343 1
344 3
345 0
346 0
347 3
348 2
349 3
350 0
351 2
352 3
353 0
354 3
355 2
356 2
357 3
358 3
359 3
360 3
361 3
362 3
363 3
364 3
365 3
366 3
367 3
368 3
369 1
370 1
371 3
372 1
373 3
