0 3
1 0
2 2
3 2
4 1
5 1
6 0
7 1
8 2
9 2
10 0
11 1
12 0
13 2
14 1
15 0
16 1
17 0
18 1
19 2
20 1
21 2
22 0
23 2
24 1
25 0
26 2
27 1
28 0
29 2
30 3
31 3
32 3
33 3
34 3
35 3
36 3
37 3
38 3
39 3
40 3
41 3
42 2
43 1
44 0
45 2
46 0
47 2
48 1
49 1
50 0
51 0
52 2
53 1
54 0
55 2
56 1
57 2
58 0
59 2
60 1
61 0
62 0
63 0
64 2
65 0
66 2
67 1
68 2
69 1
70 1
71 1
72 1
73 0
74 2
75 0
76 1
77 2
78 1
79 1
80 0
81 0
82 2
83 2
84 0
85 1
86 0
87 1
88 2
89 2
90 3
91 3
92 3
93 3
94 3
95 3
96 3
97 3
98 3
99 3
100 3
101 3
102 0
103 1
104 0
105 1
106 2
107 2
108 1
109 1
110 0
111 0
112 2
113 2
114 2
115 0
116 1
117 0
118 1
119 0
120 1
121 1
122 2
123 2
124 0
125 2
126 0
127 3
128 3
129 3
130 3
131 3
132 3
133 3
134 3
135 3
136 0
137 2
138 2
139 1
140 1
141 1
142 0
143 2
144 2
145 1
146 0
147 0
148 3
149 3
150 2
151 0
152 0
153 2
154 2
155 1
156 1
157 2
158 0
159 2
160 1
161 1
162 0
163 2
164 1
165 0
166 1
167 0
168 2
169 1
170 0
171 0
172 2
173 1
174 3
175 3
176 3
177 3
178 3
179 3
180 3
181 3
182 3
183 3
184 3
185 3
186 1
187 0
188 2
189 1
190 1
191 0
192 0
193 2
194 2
195 1
196 0
197 1
198 0
199 2
200 2
201 3
202 3
203 3
204 3
205 3
206 3
207 3
208 3
209 3
210 3
211 3
212 3
213 3
214 3
215 3
216 3
217 3
218 3
219 1
220 2
221 0
222 2
223 2
224 2
225 1
226 1
227 1
228 2
229 0
230 1
231 2
232 0
233 1
234 0
235 1
236 2
237 0
238 2
239 2
240 1
241 2
242 0
243 1
244 0
245 3
246 3
247 3
248 1
249 0
250 1
251 0
252 2
253 0
254 1
255 2
256 0
257 2
258 0
259 1
260 1
261 2
262 2
263 0
264 3
265 3
266 3
267 3
268 3
269 3
270 3
271 3
272 3
273 3
274 3
275 3
276 2
277 0
278 1
279 2
280 0
281 1
282 2
283 1
284 0
285 2
286 0
287 1
288 0
289 0
290 1
291 1
292 1
293 2
294 1
295 2
296 2
297 0
298 2
299 0
300 1
301 1
302 2
303 2
304 2
305 2
306 0
307 0
308 1
309 1
310 1
311 2
312 0
313 2
314 1
315 2
316 0
317 0
318 1
319 0
320 2
321 0
322 2
323 1
324 2
325 1
326 0
327 1
328 3
329 3
330 3
331 3
332 3
333 3
334 1
335 0
336 2
337 1
338 0
339 2
340 3
341 3
342 3
343 3
344 2
345 0
346 1
347 2
348 1
349 2
350 0
351 2
352 0
353 0
354 1
355 2
356 1
357 3
358 3
359 3
360 3
361 3
362 3
363 3
364 3
365 3
366 3
367 3
368 3
369 0
370 0
371 3
372 3
373 3
