0 3
1 0
2 2
3 0
4 1
5 1
6 2
7 0
8 2
9 0
10 1
11 1
12 2
13 2
14 1
15 3
16 0
17 1
18 0
19 2
20 1
21 2
22 0
23 1
24 0
25 2
26 1
27 0
28 2
29 3
30 3
31 3
32 3
33 3
34 3
35 3
36 3
37 3
38 3
39 3
40 3
41 1
42 2
43 1
44 0
45 2
46 1
47 0
48 1
49 0
50 0
51 2
52 2
53 0
54 0
55 2
56 2
57 1
58 0
59 1
60 2
61 1
62 0
63 0
64 2
65 2
66 1
67 0
68 1
69 2
70 1
71 1
72 0
73 2
74 1
75 2
76 0
77 1
78 1
79 2
80 0
81 2
82 0
83 1
84 1
85 2
86 0
87 2
88 0
89 3
90 3
91 3
92 3
93 3
94 3
95 3
96 3
97 3
98 3
99 3
100 3
101 1
102 1
103 2
104 0
105 2
106 0
107 1
108 1
109 2
110 0
111 2
112 0
113 0
114 1
115 2
116 1
117 2
118 2
119 0
120 0
121 0
122 1
123 1
124 1
125 0
126 3
127 3
128 3
129 3
130 3
131 3
132 3
133 3
134 3
135 3
136 2
137 0
138 2
139 1
140 1
141 0
142 2
143 0
144 2
145 1
146 1
147 0
148 2
149 2
150 1
151 0
152 1
153 2
154 2
155 1
156 1
157 0
158 0
159 1
160 2
161 1
162 0
163 0
164 0
165 1
166 2
167 2
168 0
169 0
170 1
171 2
172 3
173 3
174 3
175 3
176 3
177 3
178 3
179 3
180 3
181 3
182 3
183 3
184 0
185 2
186 1
187 1
188 1
189 0
190 2
191 0
192 2
193 1
194 1
195 0
196 2
197 0
198 2
199 3
200 3
201 3
202 3
203 3
204 3
205 3
206 3
207 3
208 3
209 3
210 3
211 3
212 3
213 3
214 3
215 3
216 3
217 2
218 2
219 2
220 1
221 1
222 0
223 2
224 0
225 0
226 0
227 2
228 0
229 1
230 2
231 0
232 1
233 2
234 0
235 2
236 2
237 1
238 0
239 1
240 1
241 2
242 1
243 3
244 3
245 3
246 0
247 1
248 0
249 2
250 2
251 1
252 1
253 2
254 0
255 1
256 2
257 0
258 2
259 0
260 1
261 1
262 3
263 3
264 3
265 3
266 3
267 3
268 3
269 3
270 3
271 3
272 3
273 3
274 2
275 0
276 1
277 0
278 2
279 1
280 2
281 0
282 1
283 0
284 2
285 1
286 1
287 0
288 2
289 2
290 0
291 0
292 2
293 1
294 0
295 1
296 1
297 2
298 2
299 2
300 0
301 0
302 1
303 1
304 0
305 1
306 1
307 2
308 2
309 0
310 2
311 2
312 0
313 0
314 1
315 2
316 1
317 0
318 1
319 2
320 2
321 0
322 0
323 1
324 2
325 1
326 0
327 1
328 3
329 3
330 3
331 3
332 3
333 3
334 1
335 0
336 2
337 1
338 0
339 2
340 3
341 3
342 3
343 3
344 3
345 3
346 1
347 0
348 2
349 0
350 1
351 0
352 2
353 1
354 2
355 1
356 2
357 0
358 2
359 3
360 3
361 3
362 3
363 3
364 3
365 3
366 3
367 3
368 3
369 3
370 3
371 3
372 3
373 3
