0 3
1 2
2 0
3 0
4 0
5 0
6 2
7 2
8 1
9 1
10 1
11 1
12 2
13 2
14 0
15 1
16 0
17 2
18 0
19 1
20 2
21 1
22 0
23 2
24 0
25 1
26 2
27 1
28 3
29 3
30 3
31 3
32 3
33 3
34 3
35 3
36 3
37 3
38 3
39 3
40 1
41 2
42 1
43 2
44 1
45 0
46 1
47 0
48 2
49 0
50 2
51 0
52 2
53 1
54 2
55 1
56 1
57 1
58 1
59 2
60 1
61 2
62 0
63 2
64 0
65 0
66 0
67 0
68 2
69 0
70 0
71 2
72 1
73 0
74 2
75 1
76 1
77 1
78 2
79 2
80 1
81 1
82 0
83 0
84 2
85 2
86 0
87 0
88 3
89 3
90 3
91 3
92 3
93 3
94 3
95 3
96 3
97 3
98 3
99 3
100 1
101 0
102 2
103 2
104 0
105 1
106 0
107 1
108 2
109 2
110 1
111 0
112 2
113 0
114 1
115 0
116 0
117 2
118 0
119 2
120 2
121 1
122 2
123 1
124 1
125 3
126 3
127 3
128 3
129 3
130 3
131 3
132 3
133 3
134 2
135 0
136 0
137 0
138 0
139 2
140 2
141 1
142 1
143 1
144 1
145 2
146 3
147 3
148 2
149 1
150 0
151 2
152 0
153 2
154 0
155 0
156 1
157 2
158 0
159 1
160 0
161 1
162 2
163 0
164 1
165 1
166 2
167 1
168 2
169 1
170 0
171 2
172 3
173 3
174 3
175 3
176 3
177 3
178 3
179 3
180 3
181 3
182 3
183 3
184 1
185 2
186 0
187 1
188 1
189 2
190 2
191 1
192 1
193 0
194 0
195 2
196 2
197 0
198 0
199 3
200 3
201 3
202 3
203 3
204 3
205 3
206 3
207 3
208 3
209 3
210 3
211 3
212 3
213 3
214 3
215 3
216 3
217 1
218 1
219 0
220 0
221 1
222 1
223 0
224 0
225 1
226 2
227 1
228 0
229 0
230 0
231 2
232 1
233 2
234 2
235 0
236 2
237 1
238 1
239 1
240 0
241 2
242 0
243 3
244 3
245 3
246 0
247 2
248 0
249 2
250 1
251 0
252 2
253 1
254 2
255 1
256 0
257 1
258 2
259 2
260 0
261 1
262 3
263 3
264 3
265 3
266 3
267 3
268 3
269 3
270 3
271 3
272 3
273 3
274 0
275 2
276 0
277 0
278 2
279 0
280 1
281 2
282 1
283 1
284 2
285 1
286 0
287 1
288 0
289 2
290 0
291 2
292 2
293 1
294 2
295 1
296 0
297 1
298 0
299 0
300 2
301 2
302 1
303 1
304 2
305 1
306 0
307 1
308 0
309 2
310 2
311 1
312 2
313 1
314 1
315 1
316 3
317 2
318 1
319 2
320 0
321 2
322 0
323 0
324 0
325 0
326 2
327 0
328 3
329 3
330 3
331 3
332 3
333 3
334 1
335 2
336 1
337 0
338 2
339 0
340 3
341 3
342 3
343 3
344 1
345 2
346 0
347 0
348 2
349 1
350 1
351 1
352 0
353 0
354 0
355 2
356 1
357 3
358 3
359 3
360 3
361 3
362 3
363 3
364 3
365 3
366 3
367 3
368 3
369 2
370 2
371 3
372 3
373 3
