0 3
1 1
2 2
3 1
4 0
5 1
6 2
7 1
8 0
9 1
10 2
11 3
12 0
13 2
14 3
15 2
16 0
17 2
18 0
19 2
20 3
21 0
22 2
23 2
24 3
25 2
26 0
27 2
28 0
29 2
30 0
31 3
32 1
33 2
34 1
35 0
36 1
37 3
38 3
39 0
40 3
41 3
42 2
43 0
44 3
45 1
46 2
47 1
48 0
49 2
50 1
51 3
52 1
53 2
54 1
55 3
56 2
57 0
58 3
59 0
60 3
61 1
62 0
63 0
64 2
65 1
66 0
67 2
68 1
69 3
70 1
71 3
72 2
73 0
74 3
75 1
76 3
77 1
78 1
79 2
80 3
81 0
82 0
83 1
84 1
85 3
86 2
87 3
88 3
89 1
90 0
91 0
92 3
93 2
94 0
95 2
96 3
97 3
98 2
99 0
100 3
101 2
102 1
103 1
104 3
105 1
106 3
107 3
108 0
109 3
110 1
111 0
112 1
113 1
114 1
115 3
116 3
117 0
118 1
119 1
120 2
121 2
122 2
123 0
124 0
125 0
126 2
127 1
128 2
129 3
130 2
131 0
132 3
133 3
134 3
135 0
136 0
137 2
138 3
139 3
140 1
141 2
142 1
143 2
144 3
145 0
146 3
147 3
148 0
149 0
150 1
151 2
152 1
153 3
154 2
155 2
156 3
157 3
158 1
159 0
160 2
161 0
162 2
163 0
164 2
165 0
166 1
167 0
168 2
169 0
170 2
171 0
172 2
173 0
174 2
175 1
176 2
177 1
178 3
179 1
180 3
181 1
182 0
183 3
184 1
185 3
186 1
187 1
188 1
189 2
190 1
191 0
192 3
193 1
194 0
195 1
196 3
197 3
198 2
199 3
200 3
201 3
202 1
203 3
204 1
205 1
206 1
207 2
208 3
209 3
210 0
211 1
212 0
213 3
214 2
215 1
216 0
217 1
218 2
219 1
220 0
221 1
222 2
223 1
224 2
225 1
226 2
227 1
228 3
229 3
230 0
231 3
232 0
233 2
234 1
235 0
236 2
237 1
238 3
239 0
240 3
241 2
242 0
243 3
244 2
245 1
246 2
247 1
248 0
249 1
250 0
251 1
252 3
253 0
254 0
255 1
256 0
257 2
258 1
259 3
260 1
261 3
262 3
263 3
264 3
265 2
266 0
267 0
268 1
269 3
270 1
271 0
272 1
273 2
274 3
275 0
276 0
277 1
278 1
279 2
280 2
281 0
282 3
283 3
284 3
285 2
286 1
287 2
288 1
289 0
290 2
291 3
292 2
293 2
294 2
295 2
296 3
297 3
298 0
299 2
300 1
301 0
302 1
303 1
304 2
305 0
306 3
307 0
308 3
309 0
310 1
311 0
312 2
313 1
314 1
315 3
316 0
317 3
318 3
319 3
320 0
321 1
322 1
323 0
324 3
325 2
326 1
327 0
328 0
329 1
330 0
331 2
332 2
333 3
334 2
335 3
336 0
337 1
338 1
339 2
340 3
341 2
342 0
343 3
344 0
345 1
346 3
347 1
348 3
349 2
350 0
351 3
352 1
353 0
354 1
355 0
356 2
357 0
358 2
359 2
360 2
361 0
362 0
363 3
364 3
365 2
366 0
367 2
368 2
369 3
370 3
371 0
372 3
373 0
374 2
