0 3
1 1
2 0
3 2
4 2
5 3
6 1
7 2
8 3
9 1
10 1
11 0
12 2
13 3
14 0
15 3
16 3
17 2
18 2
19 1
20 2
21 1
22 3
23 3
24 1
25 0
26 1
27 2
28 2
29 3
30 2
31 2
32 3
33 2
34 1
35 3
36 1
37 1
38 3
39 1
40 3
41 0
42 3
43 0
44 3
45 3
46 3
47 3
48 0
49 3
50 0
51 3
52 0
53 2
54 1
55 2
56 0
57 3
58 2
59 1
60 2
61 3
62 1
63 2
64 1
65 3
66 0
67 1
68 2
69 1
70 0
71 2
72 1
73 2
74 1
75 0
76 0
77 3
78 0
79 0
80 3
81 0
82 0
83 3
84 0
85 0
86 3
87 0
88 1
89 1
90 0
91 2
92 2
93 0
94 1
95 3
96 1
97 2
98 3
99 2
100 0
101 1
102 1
103 0
104 2
105 2
106 3
107 0
108 1
109 1
110 1
111 3
112 3
113 2
114 2
115 2
116 2
117 3
118 2
119 2
120 2
121 3
122 2
123 3
124 1
125 3
126 1
127 1
128 2
129 0
130 1
131 0
132 3
133 3
134 3
135 3
136 0
137 0
138 0
139 3
140 0
141 0
142 3
143 3
144 0
145 0
146 3
147 0
148 0
149 2
150 1
151 0
152 0
153 0
154 1
155 1
156 2
157 0
158 2
159 0
160 2
161 1
162 1
163 0
164 2
165 1
166 0
167 2
168 2
169 1
170 0
171 1
172 0
173 1
174 2
175 2
176 0
177 1
178 3
179 2
180 2
181 0
182 1
183 2
184 0
185 1
186 1
187 3
188 2
189 1
190 3
191 1
192 1
193 3
194 1
195 2
196 3
197 2
198 2
199 3
200 2
201 0
202 3
203 0
204 3
205 0
206 0
207 0
208 3
209 0
210 0
211 0
212 3
213 0
214 0
215 0
216 3
217 0
218 3
219 2
220 2
221 0
222 1
223 0
224 3
225 1
226 1
227 2
228 1
229 3
230 0
231 1
232 1
233 0
234 0
235 2
236 2
237 0
238 3
239 2
240 1
241 2
242 2
243 3
244 1
245 1
246 0
247 2
248 2
249 1
250 3
251 2
252 1
253 0
254 2
255 1
256 0
257 2
258 1
259 3
260 2
261 0
262 1
263 2
264 1
265 2
266 0
267 0
268 1
269 0
270 2
271 1
272 1
273 2
274 2
275 1
276 0
277 2
278 0
279 1
280 3
281 1
282 1
283 3
284 1
285 2
286 3
287 2
288 2
289 3
290 2
291 3
292 3
293 3
294 3
295 0
296 0
297 3
298 3
299 0
300 0
301 3
302 3
303 0
304 0
305 3
306 3
307 3
308 3
309 0
310 1
311 2
312 0
313 1
314 3
315 2
316 1
317 3
318 2
319 0
320 2
321 1
322 2
323 3
324 0
325 2
326 1
327 2
328 0
329 1
330 2
331 1
332 0
333 3
334 1
335 2
336 1
337 3
338 0
339 0
340 0
341 0
342 3
343 1
344 0
345 1
346 2
347 0
348 2
349 2
350 2
351 1
352 3
353 0
354 3
355 1
356 2
357 2
358 1
359 2
360 0
361 3
362 0
363 3
364 0
365 3
366 3
367 3
368 3
369 0
370 3
371 0
372 3
373 0
374 3
