0 3
1 0
2 2
3 1
4 0
5 1
6 2
7 0
8 1
9 2
10 0
11 1
12 2
13 3
14 3
15 3
16 1
17 2
18 2
19 0
20 0
21 0
22 1
23 1
24 2
25 1
26 0
27 1
28 0
29 1
30 2
31 0
32 2
33 2
34 0
35 1
36 2
37 0
38 1
39 1
40 3
41 3
42 3
43 3
44 3
45 3
46 3
47 3
48 3
49 3
50 3
51 3
52 1
53 2
54 2
55 0
56 1
57 1
58 2
59 0
60 0
61 2
62 2
63 2
64 0
65 1
66 1
67 1
68 0
69 0
70 2
71 1
72 2
73 0
74 0
75 1
76 3
77 3
78 3
79 3
80 3
81 3
82 3
83 3
84 3
85 3
86 3
87 3
88 2
89 0
90 2
91 1
92 0
93 1
94 0
95 1
96 2
97 0
98 1
99 1
100 2
101 2
102 0
103 1
104 2
105 0
106 1
107 0
108 0
109 2
110 1
111 1
112 0
113 0
114 0
115 2
116 2
117 2
118 0
119 2
120 0
121 1
122 2
123 2
124 1
125 1
126 0
127 2
128 0
129 1
130 2
131 3
132 3
133 3
134 3
135 3
136 3
137 3
138 3
139 3
140 3
141 3
142 3
143 3
144 3
145 3
146 3
147 3
148 3
149 0
150 0
151 1
152 2
153 2
154 2
155 0
156 2
157 1
158 0
159 1
160 1
161 2
162 0
163 2
164 0
165 2
166 1
167 2
168 0
169 0
170 1
171 2
172 1
173 0
174 1
175 0
176 1
177 0
178 1
179 2
180 0
181 2
182 2
183 0
184 1
185 2
186 0
187 1
188 1
189 0
190 2
191 1
192 0
193 1
194 2
195 0
196 1
197 2
198 0
199 1
200 2
201 3
202 3
203 3
204 3
205 3
206 3
207 3
208 3
209 3
210 3
211 3
212 3
213 3
214 3
215 3
216 3
217 3
218 3
219 2
220 2
221 1
222 0
223 3
224 3
225 2
226 2
227 0
228 0
229 1
230 1
231 0
232 0
233 1
234 2
235 2
236 1
237 2
238 1
239 1
240 2
241 0
242 0
243 0
244 1
245 2
246 0
247 1
248 2
249 0
250 1
251 2
252 0
253 1
254 2
255 0
256 1
257 2
258 1
259 2
260 1
261 0
262 0
263 2
264 1
265 2
266 1
267 2
268 2
269 0
270 1
271 0
272 0
273 2
274 0
275 1
276 0
277 1
278 2
279 0
280 1
281 1
282 0
283 1
284 2
285 0
286 2
287 2
288 3
289 3
290 3
291 3
292 3
293 3
294 3
295 3
296 3
297 3
298 3
299 3
300 3
301 3
302 3
303 3
304 3
305 3
306 1
307 0
308 0
309 1
310 2
311 1
312 0
313 1
314 2
315 0
316 1
317 2
318 1
319 0
320 2
321 1
322 3
323 0
324 0
325 1
326 1
327 2
328 0
329 1
330 2
331 2
332 0
333 0
334 3
335 3
336 3
337 3
338 3
339 3
340 2
341 1
342 0
343 1
344 2
345 0
346 2
347 2
348 0
349 1
350 3
351 3
352 3
353 1
354 1
355 2
356 1
357 0
358 0
359 0
360 2
361 3
362 3
363 3
364 3
365 3
366 3
367 3
368 3
369 3
370 3
371 3
372 3
373 3
374 3
