0 0
1 3
2 3
3 1
4 2
5 3
6 1
7 2
8 2
9 1
10 3
11 2
12 1
13 0
14 0
15 0
16 2
17 3
18 1
19 1
20 1
21 2
22 3
23 2
24 3
25 1
26 3
27 3
28 3
29 3
30 1
31 3
32 2
33 1
34 2
35 2
36 1
37 2
38 3
39 1
40 0
41 0
42 0
43 0
44 0
45 0
46 0
47 0
48 0
49 0
50 0
51 0
52 3
53 1
54 1
55 3
56 2
57 3
58 1
59 2
60 3
61 2
62 1
63 1
64 2
65 3
66 2
67 1
68 3
69 2
70 3
71 3
72 1
73 1
74 1
75 1
76 2
77 2
78 3
79 3
80 2
81 2
82 0
83 0
84 0
85 0
86 0
87 0
88 0
89 0
90 0
91 0
92 0
93 0
94 1
95 3
96 2
97 2
98 3
99 3
100 2
101 1
102 3
103 1
104 1
105 2
106 2
107 2
108 1
109 1
110 1
111 3
112 2
113 3
114 3
115 1
116 1
117 2
118 0
119 0
120 0
121 3
122 3
123 3
124 2
125 1
126 2
127 1
128 2
129 1
130 3
131 2
132 1
133 0
134 0
135 0
136 0
137 0
138 0
139 0
140 0
141 0
142 0
143 0
144 0
145 0
146 0
147 0
148 0
149 0
150 0
151 2
152 2
153 1
154 3
155 1
156 3
157 1
158 3
159 2
160 2
161 1
162 1
163 3
164 3
165 2
166 1
167 2
168 1
169 2
170 3
171 3
172 1
173 2
174 3
175 1
176 2
177 2
178 3
179 3
180 1
181 2
182 3
183 1
184 2
185 2
186 1
187 3
188 2
189 1
190 2
191 2
192 1
193 2
194 3
195 1
196 3
197 3
198 1
199 3
200 2
201 1
202 0
203 0
204 0
205 0
206 0
207 0
208 0
209 0
210 0
211 0
212 0
213 0
214 0
215 0
216 0
217 0
218 0
219 0
220 1
221 3
222 2
223 1
224 3
225 2
226 0
227 0
228 0
229 1
230 1
231 2
232 3
233 2
234 2
235 3
236 3
237 2
238 3
239 1
240 1
241 3
242 3
243 1
244 1
245 2
246 2
247 2
248 3
249 1
250 2
251 3
252 1
253 2
254 3
255 1
256 2
257 3
258 1
259 2
260 3
261 1
262 2
263 1
264 1
265 3
266 2
267 3
268 3
269 1
270 2
271 1
272 1
273 3
274 1
275 2
276 3
277 3
278 2
279 2
280 2
281 2
282 1
283 2
284 3
285 1
286 3
287 3
288 1
289 3
290 2
291 1
292 0
293 0
294 0
295 0
296 0
297 0
298 0
299 0
300 0
301 0
302 0
303 0
304 0
305 0
306 0
307 0
308 0
309 0
310 2
311 1
312 2
313 1
314 2
315 3
316 1
317 2
318 3
319 0
320 1
321 1
322 3
323 2
324 3
325 0
326 2
327 3
328 2
329 1
330 1
331 0
332 3
333 2
334 1
335 3
336 2
337 0
338 0
339 0
340 0
341 0
342 0
343 1
344 2
345 3
346 1
347 3
348 2
349 3
350 1
351 1
352 2
353 2
354 3
355 0
356 0
357 0
358 2
359 1
360 1
361 3
362 2
363 3
364 0
365 0
366 0
367 0
368 0
369 0
370 0
371 0
372 0
373 0
374 0
375 0
