0 3
1 1
2 2
3 3
4 1
5 2
6 3
7 1
8 2
9 0
10 2
11 1
12 0
13 0
14 0
15 3
16 2
17 2
18 0
19 0
20 0
21 0
22 1
23 1
24 2
25 1
26 2
27 1
28 0
29 1
30 2
31 0
32 2
33 1
34 2
35 2
36 0
37 1
38 2
39 0
40 1
41 1
42 0
43 1
44 2
45 0
46 3
47 3
48 3
49 3
50 3
51 3
52 3
53 3
54 0
55 0
56 0
57 0
58 2
59 0
60 3
61 2
62 2
63 2
64 3
65 1
66 1
67 1
68 3
69 0
70 1
71 2
72 2
73 0
74 1
75 1
76 2
77 0
78 0
79 1
80 2
81 1
82 3
83 3
84 3
85 3
86 3
87 3
88 3
89 3
90 3
91 3
92 3
93 3
94 3
95 1
96 2
97 3
98 1
99 1
100 2
101 2
102 3
103 1
104 2
105 3
106 2
107 0
108 2
109 1
110 0
111 1
112 1
113 1
114 1
115 0
116 0
117 2
118 2
119 2
120 1
121 0
122 0
123 2
124 1
125 0
126 2
127 2
128 1
129 1
130 0
131 2
132 0
133 2
134 1
135 0
136 1
137 2
138 3
139 0
140 2
141 1
142 0
143 2
144 1
145 3
146 0
147 3
148 3
149 3
150 3
151 0
152 3
153 3
154 0
155 0
156 3
157 2
158 0
159 2
160 0
161 2
162 1
163 2
164 0
165 0
166 1
167 2
168 1
169 0
170 1
171 0
172 1
173 2
174 2
175 0
176 2
177 1
178 0
179 1
180 1
181 2
182 2
183 0
184 1
185 2
186 0
187 1
188 1
189 3
190 1
191 2
192 3
193 1
194 2
195 0
196 1
197 2
198 0
199 1
200 2
201 0
202 2
203 1
204 0
205 3
206 3
207 3
208 0
209 3
210 0
211 3
212 0
213 3
214 0
215 3
216 3
217 3
218 0
219 3
220 3
221 3
222 0
223 3
224 3
225 3
226 3
227 3
228 3
229 3
230 0
231 1
232 2
233 2
234 1
235 2
236 1
237 1
238 2
239 0
240 3
241 2
242 2
243 3
244 3
245 1
246 1
247 1
248 2
249 3
250 1
251 2
252 0
253 1
254 2
255 0
256 1
257 2
258 3
259 1
260 2
261 3
262 1
263 0
264 0
265 2
266 1
267 2
268 2
269 0
270 1
271 0
272 0
273 2
274 0
275 1
276 1
277 2
278 1
279 2
280 1
281 1
282 0
283 1
284 2
285 0
286 2
287 2
288 0
289 1
290 2
291 0
292 3
293 3
294 0
295 3
296 3
297 0
298 0
299 3
300 3
301 0
302 3
303 3
304 3
305 0
306 3
307 3
308 0
309 3
310 0
311 1
312 2
313 0
314 2
315 1
316 2
317 3
318 0
319 1
320 1
321 2
322 0
323 1
324 2
325 2
326 0
327 3
328 1
329 2
330 1
331 3
332 2
333 1
334 3
335 1
336 2
337 3
338 2
339 1
340 2
341 0
342 0
343 1
344 1
345 2
346 3
347 3
348 3
349 1
350 0
351 2
352 3
353 3
354 1
355 0
356 2
357 1
358 2
359 1
360 2
361 3
362 0
363 3
364 3
365 3
366 3
367 0
368 3
369 0
370 3
371 3
372 0
373 1
374 2
375 1
376 2
377 0
378 0
