0 3
1 3
2 1
3 1
4 3
5 3
6 1
7 2
8 3
9 2
10 0
11 1
12 2
13 3
14 1
15 2
16 0
17 3
18 1
19 2
20 1
21 0
22 0
23 2
24 0
25 3
26 2
27 1
28 2
29 1
30 0
31 2
32 3
33 2
34 3
35 1
36 0
37 0
38 0
39 1
40 1
41 0
42 3
43 0
44 1
45 1
46 0
47 3
48 2
49 3
50 3
51 2
52 2
53 1
54 0
55 1
56 3
57 0
58 2
59 1
60 1
61 0
62 0
63 2
64 0
65 0
66 1
67 0
68 3
69 0
70 3
71 3
72 2
73 3
74 2
75 2
76 1
77 3
78 0
79 1
80 2
81 2
82 1
83 1
84 2
85 0
86 0
87 1
88 3
89 2
90 1
91 0
92 1
93 3
94 2
95 3
96 2
97 1
98 2
99 1
100 2
101 3
102 3
103 2
104 1
105 0
106 2
107 3
108 3
109 0
110 2
111 0
112 0
113 1
114 0
115 2
116 1
117 3
118 2
119 2
120 1
121 1
122 0
123 0
124 1
125 0
126 1
127 3
128 0
129 2
130 1
131 2
132 1
133 3
134 2
135 0
136 3
137 3
138 2
139 3
140 2
141 1
142 0
143 1
144 2
145 0
146 0
147 0
148 3
149 1
150 2
151 2
152 3
153 1
154 0
155 0
156 0
157 2
158 1
159 0
160 1
161 0
162 1
163 2
164 3
165 2
166 3
167 1
168 3
169 2
170 0
171 0
172 0
173 1
174 1
175 1
176 2
177 1
178 1
179 0
180 3
181 1
182 2
183 1
184 2
185 3
186 2
187 2
188 2
189 3
190 0
191 1
192 3
193 0
194 2
195 2
196 1
197 3
198 0
199 2
200 1
201 3
202 2
203 3
204 0
205 0
206 1
207 0
208 1
209 1
210 0
211 2
212 3
213 1
214 0
215 2
216 1
217 1
218 0
219 0
220 1
221 2
222 3
223 2
224 3
225 2
226 3
227 3
228 2
229 2
230 2
231 3
232 3
233 3
234 0
235 2
236 1
237 1
238 0
239 0
240 1
241 3
242 3
243 1
244 2
245 3
246 2
247 3
248 2
249 3
250 2
251 2
252 0
253 1
254 1
255 0
256 2
257 3
258 2
259 0
260 0
261 0
262 0
263 2
264 1
265 0
266 0
267 1
268 3
269 2
270 0
271 2
272 3
273 2
274 1
275 2
276 1
277 0
278 1
279 1
280 1
281 0
282 0
283 3
284 3
285 2
286 0
287 3
288 1
289 3
290 1
291 2
292 2
293 3
294 3
295 2
296 1
297 0
298 1
299 0
300 1
301 2
302 2
303 3
304 0
305 2
306 3
307 1
308 2
309 1
310 0
311 3
312 2
313 2
314 3
315 0
316 1
317 3
318 0
319 0
320 1
321 3
322 2
323 2
324 3
325 1
326 2
327 3
328 2
329 2
330 1
331 2
332 0
333 1
334 0
335 1
336 2
337 3
338 3
339 3
340 2
341 0
342 1
343 1
344 0
345 0
346 1
347 3
348 2
349 0
350 0
351 0
352 1
353 1
354 1
355 3
356 2
357 1
358 0
359 1
360 2
361 1
362 2
363 3
364 2
365 0
366 2
367 2
368 3
369 3
370 0
371 0
372 1
373 1
374 0
375 0
376 0
377 0
378 1
379 2
380 3
381 2
382 3
383 0
384 1
385 1
386 0
