0 3
1 2
2 2
3 3
4 0
5 2
6 3
7 0
8 0
9 3
10 2
11 0
12 3
13 1
14 3
15 3
16 3
17 1
18 3
19 2
20 0
21 0
22 2
23 0
24 2
25 2
26 0
27 1
28 1
29 1
30 1
31 1
32 0
33 2
34 1
35 2
36 0
37 2
38 2
39 1
40 2
41 0
42 1
43 0
44 0
45 1
46 0
47 2
48 1
49 3
50 1
51 1
52 1
53 1
54 1
55 1
56 3
57 1
58 3
59 3
60 1
61 2
62 3
63 3
64 2
65 0
66 2
67 3
68 0
69 2
70 0
71 3
72 3
73 0
74 2
75 0
76 3
77 2
78 0
79 2
80 0
81 2
82 0
83 1
84 1
85 3
86 3
87 3
88 3
89 3
90 3
91 3
92 3
93 3
94 3
95 3
96 3
97 2
98 3
99 0
100 3
101 3
102 2
103 3
104 0
105 2
106 2
107 0
108 0
109 0
110 0
111 0
112 1
113 1
114 2
115 2
116 2
117 2
118 1
119 1
120 0
121 1
122 3
123 1
124 1
125 2
126 1
127 0
128 2
129 1
130 0
131 1
132 0
133 0
134 2
135 2
136 2
137 2
138 3
139 0
140 0
141 1
142 1
143 3
144 3
145 1
146 1
147 1
148 1
149 1
150 3
151 1
152 1
153 3
154 1
155 1
156 3
157 1
158 1
159 3
160 1
161 2
162 1
163 2
164 0
165 0
166 1
167 2
168 0
169 1
170 2
171 2
172 0
173 1
174 0
175 1
176 0
177 2
178 2
179 1
180 1
181 0
182 0
183 2
184 2
185 2
186 3
187 0
188 2
189 3
190 0
191 0
192 3
193 2
194 0
195 3
196 0
197 2
198 3
199 0
200 0
201 1
202 0
203 2
204 1
205 2
206 2
207 1
208 2
209 0
210 1
211 1
212 3
213 3
214 1
215 1
216 1
217 3
218 1
219 1
220 1
221 3
222 3
223 1
224 1
225 1
226 3
227 1
228 1
229 3
230 0
231 2
232 3
233 0
234 2
235 3
236 3
237 3
238 3
239 3
240 3
241 0
242 3
243 3
244 0
245 0
246 3
247 3
248 2
249 2
250 3
251 3
252 2
253 0
254 2
255 2
256 0
257 0
258 2
259 0
260 0
261 3
262 2
263 2
264 3
265 2
266 0
267 3
268 2
269 0
270 3
271 2
272 0
273 3
274 2
275 0
276 3
277 0
278 2
279 0
280 2
281 1
282 1
283 1
284 2
285 0
286 0
287 2
288 2
289 0
290 1
291 2
292 1
293 1
294 0
295 0
296 0
297 1
298 0
299 2
300 1
301 2
302 2
303 1
304 2
305 0
306 1
307 1
308 1
309 1
310 1
311 1
312 1
313 1
314 1
315 3
316 3
317 3
318 3
319 0
320 2
321 0
322 2
323 1
324 1
325 1
326 2
327 0
328 1
329 2
330 0
331 2
332 3
333 3
334 2
335 0
336 2
337 3
338 0
339 2
340 0
341 3
342 3
343 0
344 2
345 0
346 3
347 2
348 0
349 3
350 3
351 3
352 3
353 3
354 3
355 3
356 0
357 2
358 3
359 2
360 0
361 2
362 2
363 0
364 0
365 1
366 1
367 3
368 3
369 3
370 3
371 3
372 3
373 3
374 0
375 2
376 2
377 0
378 0
379 2
380 3
381 0
382 3
383 3
384 2
385 1
386 1
387 1
388 3
389 3
390 1
391 1
392 1
393 1
394 3
395 3
396 1
397 2
398 3
399 0
