0 3
1 0
2 1
3 0
4 0
5 1
6 0
7 2
8 1
9 2
10 2
11 1
12 2
13 3
14 3
15 3
16 1
17 1
18 0
19 2
20 0
21 2
22 0
23 2
24 0
25 2
26 1
27 1
28 0
29 1
30 0
31 2
32 1
33 2
34 0
35 1
36 2
37 2
38 1
39 0
40 2
41 1
42 0
43 0
44 1
45 2
46 3
47 3
48 3
49 3
50 3
51 3
52 3
53 3
54 3
55 3
56 3
57 3
58 1
59 0
60 2
61 2
62 1
63 1
64 2
65 2
66 0
67 1
68 2
69 0
70 0
71 1
72 1
73 0
74 0
75 2
76 1
77 2
78 0
79 2
80 0
81 1
82 3
83 3
84 3
85 3
86 3
87 3
88 3
89 3
90 3
91 3
92 3
93 3
94 0
95 0
96 1
97 0
98 0
99 1
100 2
101 1
102 0
103 2
104 1
105 0
106 1
107 2
108 2
109 1
110 2
111 2
112 1
113 2
114 0
115 0
116 2
117 1
118 1
119 0
120 2
121 2
122 0
123 1
124 2
125 0
126 1
127 0
128 1
129 0
130 2
131 1
132 2
133 1
134 2
135 0
136 0
137 1
138 2
139 3
140 3
141 3
142 3
143 3
144 3
145 3
146 3
147 3
148 3
149 3
150 3
151 3
152 3
153 3
154 3
155 3
156 3
157 2
158 0
159 1
160 1
161 2
162 0
163 1
164 2
165 0
166 0
167 1
168 2
169 1
170 2
171 0
172 2
173 1
174 0
175 2
176 1
177 0
178 2
179 0
180 1
181 0
182 1
183 2
184 2
185 0
186 1
187 2
188 1
189 2
190 2
191 1
192 2
193 0
194 1
195 0
196 0
197 1
198 0
199 0
200 1
201 2
202 2
203 1
204 0
205 2
206 1
207 0
208 0
209 1
210 2
211 3
212 3
213 3
214 3
215 3
216 3
217 3
218 3
219 3
220 3
221 3
222 3
223 3
224 3
225 3
226 3
227 3
228 3
229 2
230 1
231 0
232 2
233 1
234 0
235 3
236 3
237 3
238 3
239 3
240 3
241 0
242 2
243 2
244 2
245 1
246 1
247 2
248 0
249 1
250 1
251 2
252 0
253 1
254 1
255 0
256 0
257 0
258 2
259 0
260 1
261 2
262 0
263 1
264 0
265 0
266 1
267 0
268 2
269 1
270 2
271 2
272 1
273 2
274 1
275 0
276 2
277 0
278 2
279 1
280 1
281 0
282 1
283 0
284 2
285 0
286 2
287 0
288 2
289 1
290 2
291 1
292 2
293 1
294 0
295 0
296 1
297 2
298 0
299 1
300 2
301 2
302 1
303 0
304 3
305 3
306 3
307 3
308 3
309 3
310 3
311 3
312 3
313 3
314 3
315 3
316 3
317 3
318 3
319 3
320 3
321 3
322 1
323 2
324 0
325 2
326 0
327 1
328 0
329 1
330 0
331 2
332 1
333 2
334 1
335 2
336 0
337 0
338 1
339 1
340 0
341 0
342 2
343 1
344 0
345 2
346 2
347 1
348 1
349 2
350 2
351 0
352 3
353 3
354 3
355 3
356 3
357 3
358 0
359 1
360 2
361 0
362 1
363 2
364 1
365 2
366 0
367 2
368 0
369 1
370 3
371 3
372 3
373 1
374 2
375 1
376 0
377 0
378 0
379 2
380 2
381 2
382 1
383 0
384 1
385 3
386 3
387 3
388 3
389 3
390 3
391 3
392 3
393 3
394 3
395 3
396 3
397 3
398 3
399 3
400 3
401 3
402 3
