0 3
1 1
2 1
3 2
4 0
5 0
6 1
7 2
8 2
9 1
10 0
11 0
12 2
13 2
14 1
15 3
16 1
17 3
18 2
19 0
20 0
21 1
22 3
23 2
24 2
25 2
26 1
27 1
28 0
29 1
30 2
31 0
32 2
33 1
34 3
35 3
36 3
37 0
38 0
39 3
40 3
41 3
42 0
43 3
44 3
45 0
46 1
47 0
48 2
49 2
50 1
51 1
52 0
53 2
54 0
55 1
56 2
57 0
58 2
59 1
60 1
61 2
62 3
63 1
64 0
65 2
66 3
67 1
68 2
69 2
70 1
71 0
72 2
73 3
74 1
75 0
76 0
77 1
78 2
79 0
80 2
81 1
82 3
83 0
84 1
85 2
86 1
87 2
88 0
89 3
90 2
91 1
92 2
93 1
94 3
95 3
96 0
97 3
98 3
99 0
100 0
101 3
102 3
103 0
104 3
105 3
106 3
107 0
108 3
109 3
110 0
111 3
112 0
113 0
114 2
115 2
116 1
117 1
118 0
119 0
120 1
121 1
122 2
123 2
124 1
125 0
126 2
127 3
128 3
129 1
130 0
131 2
132 2
133 2
134 1
135 1
136 0
137 0
138 3
139 3
140 3
141 3
142 3
143 3
144 3
145 2
146 2
147 1
148 0
149 0
150 2
151 1
152 1
153 2
154 0
155 0
156 1
157 3
158 0
159 0
160 3
161 0
162 0
163 1
164 0
165 1
166 2
167 1
168 0
169 2
170 2
171 1
172 1
173 0
174 2
175 1
176 2
177 0
178 2
179 0
180 1
181 1
182 0
183 0
184 2
185 2
186 0
187 3
188 3
189 3
190 3
191 3
192 3
193 3
194 3
195 3
196 3
197 3
198 3
199 0
200 3
201 2
202 1
203 2
204 1
205 3
206 0
207 1
208 2
209 1
210 2
211 0
212 0
213 3
214 3
215 3
216 0
217 3
218 0
219 3
220 3
221 3
222 0
223 0
224 3
225 3
226 3
227 3
228 3
229 0
230 1
231 2
232 0
233 2
234 1
235 1
236 2
237 1
238 2
239 0
240 0
241 1
242 1
243 2
244 3
245 1
246 0
247 0
248 2
249 3
250 1
251 2
252 2
253 2
254 3
255 1
256 2
257 3
258 1
259 3
260 3
261 3
262 3
263 3
264 3
265 0
266 2
267 0
268 1
269 2
270 0
271 1
272 0
273 2
274 2
275 1
276 1
277 2
278 3
279 3
280 1
281 1
282 2
283 3
284 3
285 3
286 0
287 0
288 3
289 3
290 3
291 3
292 0
293 0
294 3
295 1
296 1
297 0
298 2
299 1
300 0
301 2
302 2
303 0
304 1
305 2
306 0
307 3
308 2
309 0
310 1
311 3
312 2
313 1
314 3
315 2
316 0
317 1
318 3
319 2
320 1
321 1
322 2
323 2
324 1
325 1
326 3
327 3
328 2
329 2
330 1
331 2
332 1
333 2
334 1
335 0
336 0
337 1
338 2
339 2
340 1
341 0
342 2
343 3
344 1
345 0
346 2
347 1
348 1
349 2
350 3
351 1
352 0
353 2
354 3
355 3
356 0
357 0
358 3
359 3
360 3
361 0
362 2
363 1
364 0
365 1
366 2
367 3
368 3
369 3
370 3
371 3
372 3
373 2
374 0
375 1
376 1
377 2
378 2
379 0
380 1
381 0
382 2
383 1
384 0
385 0
386 3
387 3
388 3
389 3
390 3
391 3
392 0
393 3
394 0
395 0
396 3
397 1
398 0
399 0
400 2
401 1
402 2
