0 2
1 0
2 1
3 1
4 2
5 2
6 0
7 0
8 1
9 1
10 2
11 2
12 0
13 3
14 1
15 2
16 0
17 3
18 2
19 0
20 2
21 0
22 3
23 3
24 1
25 2
26 1
27 1
28 0
29 1
30 0
31 3
32 0
33 1
34 3
35 2
36 1
37 3
38 3
39 2
40 3
41 3
42 2
43 3
44 3
45 3
46 2
47 2
48 3
49 1
50 3
51 0
52 1
53 0
54 1
55 3
56 0
57 3
58 0
59 1
60 3
61 0
62 1
63 0
64 1
65 2
66 1
67 3
68 0
69 2
70 0
71 1
72 0
73 1
74 3
75 1
76 2
77 0
78 3
79 2
80 0
81 1
82 2
83 0
84 1
85 2
86 3
87 0
88 0
89 1
90 1
91 3
92 2
93 0
94 0
95 1
96 1
97 2
98 2
99 2
100 3
101 3
102 2
103 2
104 2
105 2
106 3
107 3
108 2
109 2
110 0
111 0
112 0
113 1
114 1
115 2
116 2
117 0
118 0
119 1
120 1
121 1
122 0
123 3
124 0
125 3
126 0
127 2
128 2
129 1
130 3
131 1
132 1
133 0
134 1
135 0
136 1
137 3
138 1
139 3
140 0
141 3
142 2
143 3
144 3
145 2
146 3
147 3
148 0
149 1
150 1
151 2
152 2
153 0
154 0
155 1
156 1
157 2
158 2
159 0
160 3
161 3
162 3
163 3
164 3
165 3
166 1
167 3
168 0
169 1
170 1
171 3
172 0
173 1
174 0
175 1
176 3
177 0
178 0
179 1
180 3
181 0
182 3
183 0
184 1
185 3
186 3
187 0
188 1
189 3
190 3
191 3
192 3
193 2
194 2
195 3
196 3
197 3
198 3
199 2
200 2
201 3
202 0
203 2
204 1
205 3
206 2
207 0
208 0
209 1
210 1
211 2
212 3
213 0
214 0
215 1
216 1
217 3
218 3
219 2
220 2
221 3
222 3
223 3
224 3
225 3
226 2
227 2
228 3
229 3
230 3
231 2
232 3
233 2
234 3
235 3
236 0
237 1
238 3
239 0
240 1
241 1
242 1
243 0
244 0
245 2
246 2
247 0
248 1
249 0
250 2
251 1
252 3
253 3
254 0
255 2
256 1
257 0
258 1
259 1
260 2
261 1
262 0
263 2
264 0
265 2
266 2
267 2
268 2
269 0
270 2
271 0
272 1
273 2
274 1
275 2
276 0
277 1
278 0
279 1
280 0
281 2
282 2
283 1
284 1
285 0
286 2
287 2
288 2
289 3
290 3
291 2
292 2
293 2
294 2
295 3
296 3
297 2
298 1
299 0
300 2
301 1
302 0
303 2
304 1
305 0
306 2
307 1
308 0
309 2
310 0
311 3
312 0
313 2
314 2
315 1
316 3
317 1
318 1
319 0
320 1
321 0
322 0
323 2
324 2
325 1
326 1
327 0
328 1
329 1
330 0
331 0
332 3
333 3
334 0
335 1
336 0
337 1
338 3
339 1
340 2
341 0
342 3
343 0
344 1
345 0
346 1
347 2
348 1
349 2
350 0
351 2
352 2
353 3
354 3
355 2
356 2
357 2
358 3
359 0
360 1
361 3
362 0
363 1
364 2
365 3
366 3
367 2
368 3
369 3
370 1
371 0
372 2
373 1
374 2
375 0
376 1
377 0
378 1
379 2
380 0
381 2
382 0
383 1
384 2
385 3
386 2
387 2
388 2
389 2
390 2
391 2
392 3
393 2
394 3
395 3
396 2
397 0
398 3
399 3
400 1
401 1
402 0
403 2
404 2
405 3
