0 3
1 0
2 2
3 2
4 1
5 2
6 0
7 0
8 1
9 2
10 1
11 1
12 0
13 3
14 2
15 2
16 3
17 1
18 1
19 0
20 2
21 3
22 1
23 1
24 2
25 1
26 2
27 2
28 3
29 1
30 0
31 1
32 0
33 2
34 1
35 0
36 2
37 0
38 3
39 3
40 3
41 0
42 3
43 3
44 0
45 3
46 3
47 3
48 0
49 2
50 1
51 0
52 1
53 0
54 2
55 1
56 0
57 2
58 0
59 2
60 1
61 0
62 1
63 3
64 2
65 1
66 1
67 1
68 0
69 1
70 3
71 2
72 0
73 2
74 2
75 2
76 1
77 3
78 2
79 1
80 0
81 2
82 1
83 0
84 2
85 1
86 1
87 0
88 3
89 1
90 2
91 1
92 2
93 3
94 0
95 2
96 2
97 0
98 3
99 3
100 3
101 3
102 0
103 0
104 3
105 3
106 3
107 3
108 0
109 1
110 2
111 0
112 0
113 2
114 2
115 1
116 1
117 0
118 0
119 1
120 2
121 2
122 0
123 1
124 3
125 2
126 0
127 1
128 1
129 1
130 2
131 2
132 2
133 0
134 1
135 3
136 3
137 0
138 0
139 3
140 0
141 0
142 3
143 3
144 3
145 3
146 3
147 3
148 0
149 2
150 2
151 2
152 1
153 0
154 0
155 2
156 1
157 1
158 1
159 0
160 0
161 3
162 0
163 0
164 3
165 0
166 2
167 2
168 0
169 1
170 2
171 1
172 0
173 2
174 0
175 2
176 1
177 0
178 0
179 2
180 1
181 0
182 1
183 0
184 2
185 1
186 2
187 0
188 1
189 1
190 3
191 3
192 3
193 3
194 3
195 3
196 3
197 3
198 3
199 3
200 3
201 3
202 3
203 1
204 2
205 1
206 1
207 3
208 0
209 2
210 1
211 2
212 1
213 0
214 3
215 2
216 2
217 3
218 0
219 3
220 3
221 3
222 0
223 0
224 3
225 3
226 3
227 3
228 3
229 0
230 0
231 3
232 3
233 3
234 0
235 1
236 0
237 1
238 2
239 0
240 2
241 2
242 1
243 0
244 0
245 2
246 1
247 0
248 1
249 3
250 2
251 2
252 1
253 1
254 3
255 1
256 2
257 3
258 2
259 2
260 1
261 1
262 3
263 2
264 0
265 3
266 3
267 3
268 3
269 3
270 3
271 1
272 0
273 2
274 0
275 2
276 1
277 2
278 1
279 0
280 1
281 0
282 2
283 3
284 1
285 2
286 1
287 2
288 3
289 0
290 3
291 3
292 3
293 3
294 0
295 0
296 3
297 3
298 3
299 3
300 0
301 2
302 0
303 1
304 2
305 0
306 2
307 1
308 0
309 1
310 2
311 0
312 1
313 3
314 1
315 0
316 2
317 1
318 2
319 1
320 2
321 1
322 0
323 2
324 3
325 3
326 1
327 1
328 2
329 2
330 3
331 2
332 2
333 0
334 0
335 1
336 1
337 3
338 2
339 0
340 1
341 1
342 2
343 1
344 3
345 1
346 0
347 2
348 3
349 2
350 1
351 2
352 2
353 0
354 1
355 0
356 3
357 3
358 3
359 3
360 0
361 1
362 0
363 2
364 1
365 0
366 2
367 3
368 3
369 3
370 3
371 3
372 3
373 1
374 1
375 0
376 2
377 0
378 2
379 1
380 0
381 1
382 0
383 2
384 2
385 3
386 3
387 3
388 0
389 3
390 0
391 0
392 3
393 0
394 3
395 3
396 3
397 0
398 1
399 1
400 2
401 2
402 0
403 3
404 3
405 3
