0 3
1 3
2 0
3 2
4 2
5 0
6 3
7 3
8 2
9 0
10 0
11 2
12 3
13 1
14 0
15 0
16 3
17 2
18 2
19 2
20 2
21 2
22 1
23 0
24 1
25 1
26 2
27 1
28 0
29 0
30 0
31 2
32 1
33 2
34 0
35 1
36 0
37 3
38 3
39 1
40 1
41 3
42 3
43 3
44 3
45 1
46 1
47 3
48 3
49 0
50 1
51 2
52 1
53 0
54 0
55 2
56 2
57 1
58 0
59 1
60 2
61 1
62 2
63 1
64 0
65 2
66 2
67 0
68 1
69 2
70 1
71 0
72 1
73 2
74 0
75 0
76 2
77 1
78 0
79 2
80 3
81 2
82 0
83 3
84 0
85 0
86 2
87 1
88 1
89 2
90 0
91 2
92 0
93 1
94 1
95 0
96 2
97 3
98 3
99 3
100 3
101 3
102 3
103 3
104 3
105 3
106 3
107 3
108 3
109 0
110 0
111 3
112 3
113 0
114 0
115 2
116 2
117 3
118 3
119 2
120 2
121 1
122 2
123 0
124 2
125 2
126 2
127 1
128 0
129 1
130 1
131 2
132 1
133 0
134 0
135 0
136 1
137 1
138 3
139 1
140 3
141 1
142 1
143 3
144 1
145 1
146 3
147 1
148 3
149 2
150 0
151 0
152 2
153 3
154 3
155 0
156 2
157 2
158 0
159 3
160 3
161 1
162 3
163 3
164 1
165 3
166 1
167 0
168 0
169 1
170 2
171 1
172 2
173 0
174 2
175 1
176 0
177 0
178 2
179 2
180 1
181 0
182 2
183 0
184 1
185 0
186 1
187 2
188 2
189 1
190 3
191 1
192 1
193 1
194 1
195 3
196 3
197 1
198 1
199 1
200 1
201 3
202 2
203 1
204 0
205 2
206 0
207 1
208 1
209 0
210 2
211 0
212 2
213 1
214 1
215 2
216 0
217 1
218 3
219 1
220 3
221 3
222 3
223 3
224 1
225 3
226 1
227 3
228 1
229 3
230 3
231 3
232 3
233 1
234 3
235 2
236 1
237 2
238 0
239 1
240 0
241 3
242 2
243 0
244 2
245 0
246 3
247 0
248 1
249 2
250 2
251 2
252 0
253 1
254 2
255 1
256 1
257 0
258 1
259 2
260 0
261 0
262 0
263 1
264 2
265 3
266 3
267 3
268 3
269 3
270 3
271 2
272 2
273 3
274 0
275 3
276 2
277 0
278 3
279 2
280 3
281 0
282 0
283 0
284 0
285 1
286 1
287 2
288 2
289 3
290 3
291 3
292 3
293 3
294 3
295 3
296 3
297 3
298 3
299 3
300 3
301 0
302 3
303 2
304 2
305 3
306 0
307 2
308 3
309 0
310 0
311 3
312 2
313 0
314 0
315 0
316 1
317 2
318 1
319 1
320 0
321 1
322 2
323 2
324 2
325 2
326 2
327 1
328 1
329 0
330 0
331 1
332 0
333 2
334 0
335 2
336 1
337 1
338 0
339 1
340 2
341 0
342 0
343 2
344 1
345 0
346 1
347 2
348 1
349 0
350 2
351 2
352 0
353 1
354 2
355 3
356 3
357 3
358 3
359 3
360 3
361 0
362 1
363 0
364 2
365 1
366 2
367 1
368 3
369 1
370 1
371 3
372 1
373 1
374 0
375 0
376 1
377 2
378 2
379 2
380 3
381 0
382 3
383 2
384 2
385 0
386 0
387 3
388 2
389 3
390 0
391 3
392 3
393 3
394 3
395 3
396 3
397 3
398 3
399 3
400 3
401 3
402 3
403 0
404 2
405 1
406 1
407 0
408 2
409 1
410 3
411 3
