0 3
1 1
2 2
3 0
4 1
5 2
6 0
7 3
8 2
9 0
10 3
11 2
12 0
13 3
14 1
15 3
16 1
17 1
18 1
19 2
20 2
21 0
22 1
23 0
24 1
25 1
26 1
27 1
28 1
29 1
30 3
31 1
32 3
33 3
34 2
35 0
36 3
37 2
38 0
39 3
40 2
41 0
42 3
43 2
44 0
45 1
46 1
47 3
48 1
49 3
50 3
51 1
52 3
53 3
54 3
55 3
56 1
57 3
58 3
59 2
60 1
61 1
62 0
63 0
64 2
65 2
66 1
67 1
68 0
69 0
70 2
71 2
72 0
73 0
74 1
75 2
76 2
77 0
78 1
79 3
80 2
81 0
82 0
83 3
84 2
85 2
86 0
87 3
88 1
89 1
90 2
91 2
92 0
93 0
94 1
95 1
96 2
97 2
98 0
99 1
100 2
101 2
102 0
103 0
104 1
105 1
106 2
107 2
108 0
109 3
110 3
111 3
112 1
113 1
114 3
115 3
116 1
117 1
118 3
119 1
120 1
121 3
122 1
123 1
124 3
125 1
126 1
127 1
128 0
129 1
130 0
131 3
132 0
133 3
134 0
135 2
136 3
137 3
138 0
139 0
140 2
141 2
142 3
143 3
144 0
145 0
146 2
147 0
148 3
149 2
150 0
151 3
152 2
153 0
154 3
155 0
156 3
157 2
158 0
159 3
160 2
161 0
162 3
163 2
164 3
165 0
166 2
167 1
168 0
169 1
170 1
171 1
172 1
173 3
174 1
175 1
176 3
177 3
178 1
179 1
180 3
181 0
182 2
183 0
184 0
185 2
186 1
187 2
188 0
189 2
190 1
191 1
192 2
193 1
194 0
195 2
196 0
197 0
198 2
199 1
200 2
201 0
202 2
203 1
204 1
205 2
206 1
207 3
208 2
209 0
210 3
211 2
212 0
213 1
214 2
215 0
216 1
217 2
218 0
219 2
220 1
221 0
222 2
223 3
224 0
225 3
226 2
227 0
228 3
229 2
230 0
231 3
232 2
233 0
234 3
235 2
236 0
237 3
238 1
239 3
240 1
241 3
242 1
243 1
244 1
245 3
246 1
247 2
248 1
249 0
250 2
251 1
252 0
253 2
254 3
255 0
256 2
257 2
258 3
259 0
260 2
261 3
262 0
263 2
264 1
265 0
266 2
267 0
268 0
269 2
270 2
271 1
272 3
273 0
274 0
275 2
276 2
277 3
278 1
279 0
280 2
281 0
282 2
283 2
284 3
285 2
286 1
287 0
288 2
289 0
290 2
291 2
292 1
293 2
294 3
295 3
296 0
297 3
298 0
299 3
300 0
301 3
302 0
303 3
304 1
305 1
306 1
307 3
308 2
309 3
310 2
311 0
312 3
313 0
314 3
315 2
316 0
317 2
318 0
319 1
320 2
321 1
322 2
323 0
324 1
325 0
326 1
327 2
328 0
329 2
330 0
331 1
332 1
333 0
334 1
335 2
336 0
337 1
338 0
339 1
340 2
341 0
342 1
343 3
344 3
345 3
346 3
347 1
348 1
349 3
350 1
351 3
352 2
353 2
354 0
355 1
356 2
357 2
358 0
359 0
360 2
361 0
362 2
363 1
364 0
365 2
366 1
367 2
368 1
369 0
370 2
371 0
372 2
373 1
374 0
375 2
376 1
377 2
378 1
379 0
380 2
381 3
382 0
383 2
384 3
385 0
386 2
387 3
388 0
389 2
390 3
391 0
392 1
393 3
394 0
395 2
396 3
397 0
398 2
399 3
400 0
401 2
402 3
403 2
404 1
405 0
406 2
407 2
408 1
409 0
410 2
411 1
412 1
413 3
414 1
415 3
416 3
417 3
418 3
419 1
420 1
