0 0
1 0
2 1
3 1
4 1
5 1
6 0
7 0
8 3
9 3
10 3
11 3
12 0
13 2
14 1
15 1
16 0
17 3
18 3
19 0
20 0
21 1
22 1
23 3
24 3
25 0
26 2
27 0
28 0
29 0
30 0
31 2
32 3
33 2
34 0
35 2
36 2
37 2
38 0
39 0
40 2
41 2
42 2
43 0
44 2
45 1
46 3
47 2
48 2
49 2
50 3
51 1
52 3
53 1
54 2
55 2
56 2
57 1
58 3
59 1
60 0
61 3
62 3
63 2
64 1
65 3
66 2
67 1
68 1
69 0
70 3
71 2
72 3
73 0
74 3
75 3
76 3
77 3
78 2
79 3
80 0
81 1
82 2
83 1
84 1
85 1
86 1
87 0
88 1
89 1
90 0
91 3
92 0
93 3
94 3
95 0
96 3
97 0
98 1
99 3
100 0
101 1
102 0
103 1
104 1
105 0
106 1
107 0
108 3
109 0
110 0
111 2
112 2
113 0
114 0
115 3
116 3
117 2
118 0
119 3
120 3
121 1
122 1
123 0
124 2
125 1
126 1
127 0
128 2
129 0
130 0
131 0
132 0
133 2
134 0
135 3
136 1
137 0
138 0
139 1
140 3
141 1
142 3
143 0
144 0
145 3
146 1
147 3
148 0
149 1
150 2
151 1
152 1
153 0
154 1
155 2
156 3
157 1
158 2
159 3
160 0
161 3
162 3
163 2
164 3
165 0
166 1
167 2
168 2
169 0
170 2
171 0
172 2
173 2
174 2
175 2
176 2
177 0
178 1
179 1
180 1
181 1
182 0
183 0
184 3
185 3
186 3
187 3
188 0
189 2
190 3
191 1
192 3
193 1
194 1
195 2
196 1
197 1
198 3
199 1
200 3
201 2
202 2
203 1
204 3
205 1
206 3
207 3
208 2
209 3
210 3
211 1
212 3
213 1
214 2
215 0
216 2
217 2
218 2
219 2
220 0
221 0
222 2
223 2
224 2
225 2
226 0
227 0
228 3
229 3
230 2
231 1
232 1
233 3
234 3
235 0
236 2
237 3
238 3
239 1
240 1
241 2
242 0
243 1
244 1
245 2
246 0
247 0
248 2
249 2
250 2
251 2
252 2
253 0
254 0
255 1
256 2
257 3
258 2
259 3
260 3
261 2
262 3
263 2
264 1
265 3
266 2
267 1
268 2
269 1
270 1
271 2
272 1
273 2
274 3
275 1
276 2
277 3
278 3
279 2
280 1
281 3
282 2
283 1
284 1
285 2
286 3
287 2
288 0
289 3
290 1
291 1
292 3
293 2
294 0
295 0
296 1
297 1
298 3
299 3
300 1
301 0
302 2
303 2
304 3
305 3
306 2
307 2
308 1
309 1
310 2
311 1
312 1
313 3
314 3
315 1
316 1
317 3
318 0
319 1
320 0
321 0
322 1
323 0
324 3
325 1
326 1
327 3
328 3
329 1
330 0
331 3
332 0
333 0
334 3
335 0
336 1
337 3
338 3
339 0
340 2
341 0
342 2
343 0
344 0
345 2
346 2
347 0
348 0
349 2
350 0
351 3
352 1
353 2
354 0
355 1
356 3
357 1
358 3
359 0
360 2
361 3
362 1
363 0
364 2
365 2
366 2
367 2
368 2
369 2
370 0
371 2
372 0
373 1
374 1
375 1
376 1
377 1
378 1
379 2
380 0
381 0
382 2
383 3
384 3
385 3
386 3
387 3
388 3
389 0
390 2
391 1
392 2
393 1
394 2
395 3
396 3
397 3
398 3
399 2
400 1
401 2
402 1
403 3
404 2
405 3
406 2
407 1
408 1
409 1
410 1
411 2
412 3
413 2
414 3
415 1
416 0
417 0
418 1
419 3
420 0
421 0
422 3
423 2
424 3
425 2
426 0
427 0
428 2
429 1
430 2
431 0
432 0
