0 2
1 0
2 3
3 2
4 3
5 0
6 2
7 0
8 3
9 1
10 0
11 3
12 1
13 1
14 1
15 1
16 3
17 3
18 2
19 2
20 2
21 2
22 0
23 0
24 0
25 3
26 0
27 3
28 1
29 3
30 0
31 1
32 0
33 3
34 0
35 0
36 2
37 0
38 3
39 2
40 3
41 3
42 2
43 0
44 3
45 2
46 2
47 2
48 2
49 2
50 2
51 2
52 2
53 2
54 1
55 1
56 1
57 1
58 0
59 1
60 2
61 0
62 3
63 3
64 2
65 0
66 0
67 3
68 2
69 1
70 3
71 3
72 3
73 1
74 0
75 0
76 3
77 0
78 1
79 1
80 1
81 1
82 3
83 0
84 0
85 0
86 3
87 3
88 1
89 1
90 2
91 1
92 1
93 2
94 1
95 1
96 2
97 1
98 1
99 2
100 2
101 0
102 3
103 2
104 3
105 3
106 0
107 0
108 2
109 0
110 3
111 2
112 3
113 1
114 0
115 3
116 1
117 0
118 3
119 3
120 0
121 2
122 2
123 3
124 0
125 0
126 0
127 2
128 2
129 3
130 2
131 2
132 1
133 0
134 2
135 3
136 0
137 3
138 0
139 2
140 3
141 2
142 0
143 3
144 2
145 0
146 3
147 2
148 1
149 2
150 2
151 1
152 2
153 2
154 1
155 3
156 0
157 1
158 3
159 0
160 2
161 1
162 1
163 2
164 2
165 1
166 1
167 2
168 1
169 1
170 1
171 1
172 3
173 0
174 3
175 0
176 1
177 1
178 0
179 1
180 0
181 1
182 3
183 3
184 3
185 1
186 1
187 0
188 0
189 0
190 1
191 3
192 1
193 3
194 0
195 3
196 1
197 3
198 0
199 1
200 0
201 3
202 0
203 0
204 1
205 0
206 3
207 1
208 3
209 3
210 2
211 0
212 3
213 2
214 0
215 3
216 2
217 3
218 0
219 2
220 0
221 3
222 2
223 0
224 3
225 2
226 2
227 1
228 1
229 1
230 2
231 1
232 1
233 1
234 2
235 1
236 1
237 1
238 2
239 1
240 2
241 1
242 2
243 1
244 2
245 0
246 3
247 2
248 0
249 3
250 1
251 2
252 2
253 1
254 1
255 1
256 2
257 1
258 0
259 0
260 3
261 3
262 0
263 0
264 3
265 3
266 1
267 2
268 3
269 0
270 2
271 2
272 3
273 0
274 3
275 0
276 2
277 3
278 3
279 1
280 3
281 0
282 1
283 0
284 0
285 2
286 0
287 3
288 2
289 3
290 1
291 1
292 0
293 3
294 0
295 3
296 1
297 3
298 1
299 1
300 0
301 1
302 0
303 0
304 0
305 3
306 3
307 3
308 3
309 2
310 0
311 3
312 2
313 0
314 0
315 2
316 0
317 3
318 2
319 2
320 2
321 1
322 2
323 2
324 1
325 1
326 2
327 2
328 1
329 2
330 2
331 2
332 1
333 2
334 2
335 1
336 2
337 3
338 1
339 1
340 0
341 0
342 3
343 2
344 3
345 0
346 3
347 0
348 2
349 0
350 2
351 3
352 0
353 3
354 0
355 3
356 2
357 1
358 0
359 3
360 0
361 1
362 3
363 0
364 3
365 1
366 2
367 0
368 0
369 3
370 2
371 0
372 3
373 1
374 2
375 2
376 1
377 1
378 1
379 2
380 3
381 0
382 2
383 3
384 0
385 0
386 2
387 2
388 3
389 0
390 3
391 2
392 2
393 2
394 3
395 1
396 0
397 2
398 2
399 3
400 1
401 0
402 0
403 3
404 0
405 3
406 2
407 1
408 2
409 2
410 2
411 2
412 1
413 2
414 1
415 2
416 2
417 1
418 1
419 1
420 1
421 1
422 1
423 1
424 0
425 0
426 3
427 3
428 2
429 2
430 0
431 3
432 1
