0 1
1 2
2 1
3 1
4 0
5 0
6 0
7 2
8 1
9 1
10 0
11 2
12 2
13 1
14 2
15 0
16 2
17 2
18 0
19 0
20 0
21 1
22 0
23 3
24 3
25 2
26 1
27 2
28 2
29 0
30 3
31 0
32 2
33 3
34 3
35 1
36 1
37 3
38 3
39 3
40 1
41 3
42 3
43 1
44 3
45 3
46 3
47 0
48 2
49 3
50 2
51 3
52 2
53 2
54 0
55 0
56 3
57 0
58 0
59 3
60 2
61 1
62 0
63 3
64 2
65 2
66 0
67 2
68 1
69 2
70 3
71 0
72 1
73 0
74 2
75 0
76 2
77 2
78 0
79 0
80 2
81 1
82 0
83 1
84 1
85 2
86 1
87 0
88 0
89 0
90 2
91 2
92 1
93 3
94 0
95 2
96 0
97 2
98 3
99 1
100 1
101 3
102 1
103 1
104 3
105 1
106 1
107 1
108 3
109 1
110 1
111 3
112 3
113 1
114 1
115 3
116 1
117 1
118 0
119 0
120 2
121 2
122 1
123 1
124 0
125 2
126 0
127 2
128 1
129 1
130 3
131 0
132 2
133 0
134 2
135 0
136 2
137 0
138 2
139 1
140 0
141 3
142 0
143 1
144 0
145 2
146 1
147 2
148 3
149 2
150 1
151 3
152 3
153 3
154 3
155 3
156 1
157 3
158 3
159 1
160 2
161 0
162 2
163 1
164 1
165 0
166 2
167 1
168 1
169 0
170 0
171 2
172 0
173 1
174 1
175 2
176 0
177 2
178 3
179 3
180 3
181 3
182 3
183 3
184 3
185 0
186 0
187 3
188 3
189 2
190 2
191 3
192 0
193 3
194 0
195 2
196 2
197 3
198 0
199 2
200 0
201 2
202 3
203 0
204 0
205 2
206 3
207 2
208 3
209 1
210 1
211 3
212 3
213 3
214 3
215 1
216 1
217 3
218 3
219 3
220 0
221 0
222 2
223 2
224 3
225 1
226 2
227 0
228 2
229 0
230 1
231 3
232 3
233 3
234 1
235 3
236 1
237 3
238 3
239 3
240 1
241 1
242 3
243 3
244 3
245 3
246 3
247 1
248 1
249 3
250 0
251 2
252 3
253 0
254 2
255 3
256 1
257 1
258 2
259 2
260 0
261 0
262 2
263 1
264 0
265 2
266 1
267 0
268 0
269 0
270 0
271 1
272 2
273 3
274 3
275 0
276 1
277 2
278 2
279 2
280 1
281 1
282 1
283 1
284 1
285 1
286 1
287 2
288 2
289 0
290 0
291 1
292 2
293 1
294 0
295 1
296 0
297 0
298 2
299 2
300 1
301 2
302 1
303 0
304 2
305 0
306 2
307 1
308 1
309 0
310 1
311 3
312 3
313 1
314 1
315 1
316 1
317 3
318 3
319 1
320 1
321 1
322 1
323 2
324 0
325 1
326 0
327 0
328 1
329 2
330 0
331 1
332 2
333 2
334 2
335 0
336 0
337 2
338 2
339 0
340 1
341 0
342 3
343 0
344 1
345 0
346 2
347 1
348 2
349 3
350 2
351 1
352 2
353 0
354 0
355 1
356 1
357 2
358 3
359 2
360 0
361 3
362 2
363 0
364 3
365 0
366 2
367 3
368 2
369 0
370 2
371 1
372 0
373 1
374 2
375 1
376 0
377 2
378 2
379 2
380 3
381 2
382 1
383 0
384 3
385 0
386 0
387 0
388 1
389 1
390 1
391 3
392 3
393 1
394 0
395 2
396 3
397 2
398 0
399 3
400 3
401 3
402 1
403 3
404 3
405 1
406 0
407 1
408 2
409 2
410 3
411 0
412 1
413 2
414 0
415 1
416 2
417 1
418 0
419 2
420 0
421 2
422 1
423 0
424 1
425 3
426 3
427 1
428 3
429 1
430 1
431 1
432 1
433 1
434 1
435 3
436 0
437 2
438 0
439 3
440 3
441 2
442 2
443 0
444 0
445 3
446 3
447 2
448 3
449 1
450 1
